(2,0)(0,1)(1,2)(2,3)(3,4)(4,5)(5,3)(3,6)(6,10)(10,2)(2,7)(7,8)(8,9)(9,7)(7,10)(10,11)(11,12)(12,10)
(2,0)(0,1)(1,2)(2,3)(3,4)(4,5)(5,3)(3,6)(6,10)(10,2)(2,7)(7,8)(8,9)(9,7)(7,10)(10,12)(12,11)(11,10)
(2,0)(0,1)(1,2)(2,3)(3,4)(4,5)(5,3)(3,6)(6,10)(10,2)(2,7)(7,9)(9,8)(8,7)(7,10)(10,11)(11,12)(12,10)
(2,0)(0,1)(1,2)(2,3)(3,4)(4,5)(5,3)(3,6)(6,10)(10,2)(2,7)(7,9)(9,8)(8,7)(7,10)(10,12)(12,11)(11,10)
(2,0)(0,1)(1,2)(2,3)(3,4)(4,5)(5,3)(3,6)(6,10)(10,2)(2,7)(7,10)(10,11)(11,12)(12,10)
(2,0)(0,1)(1,2)(2,3)(3,4)(4,5)(5,3)(3,6)(6,10)(10,2)(2,7)(7,10)(10,12)(12,11)(11,10)
(2,0)(0,1)(1,2)(2,3)(3,4)(4,5)(5,3)(3,6)(6,10)(10,7)(7,2)(2,10)(10,11)(11,12)(12,10)
(2,0)(0,1)(1,2)(2,3)(3,4)(4,5)(5,3)(3,6)(6,10)(10,7)(7,2)(2,10)(10,12)(12,11)(11,10)
(2,0)(0,1)(1,2)(2,3)(3,4)(4,5)(5,3)(3,6)(6,10)(10,7)(7,8)(8,9)(9,7)(7,2)(2,10)(10,11)(11,12)(12,10)
(2,0)(0,1)(1,2)(2,3)(3,4)(4,5)(5,3)(3,6)(6,10)(10,7)(7,8)(8,9)(9,7)(7,2)(2,10)(10,12)(12,11)(11,10)
(2,0)(0,1)(1,2)(2,3)(3,4)(4,5)(5,3)(3,6)(6,10)(10,7)(7,9)(9,8)(8,7)(7,2)(2,10)(10,11)(11,12)(12,10)
(2,0)(0,1)(1,2)(2,3)(3,4)(4,5)(5,3)(3,6)(6,10)(10,7)(7,9)(9,8)(8,7)(7,2)(2,10)(10,12)(12,11)(11,10)
(2,0)(0,1)(1,2)(2,3)(3,4)(4,5)(5,3)(3,6)(6,10)(10,11)(11,12)(12,10)(10,2)(2,7)(7,8)(8,9)(9,7)(7,10)
(2,0)(0,1)(1,2)(2,3)(3,4)(4,5)(5,3)(3,6)(6,10)(10,11)(11,12)(12,10)(10,2)(2,7)(7,9)(9,8)(8,7)(7,10)
(2,0)(0,1)(1,2)(2,3)(3,4)(4,5)(5,3)(3,6)(6,10)(10,11)(11,12)(12,10)(10,2)(2,7)(7,10)
(2,0)(0,1)(1,2)(2,3)(3,4)(4,5)(5,3)(3,6)(6,10)(10,11)(11,12)(12,10)(10,7)(7,2)(2,10)
(2,0)(0,1)(1,2)(2,3)(3,4)(4,5)(5,3)(3,6)(6,10)(10,11)(11,12)(12,10)(10,7)(7,8)(8,9)(9,7)(7,2)(2,10)
(2,0)(0,1)(1,2)(2,3)(3,4)(4,5)(5,3)(3,6)(6,10)(10,11)(11,12)(12,10)(10,7)(7,9)(9,8)(8,7)(7,2)(2,10)
(2,0)(0,1)(1,2)(2,3)(3,4)(4,5)(5,3)(3,6)(6,10)(10,12)(12,11)(11,10)(10,2)(2,7)(7,8)(8,9)(9,7)(7,10)
(2,0)(0,1)(1,2)(2,3)(3,4)(4,5)(5,3)(3,6)(6,10)(10,12)(12,11)(11,10)(10,2)(2,7)(7,9)(9,8)(8,7)(7,10)
(2,0)(0,1)(1,2)(2,3)(3,4)(4,5)(5,3)(3,6)(6,10)(10,12)(12,11)(11,10)(10,2)(2,7)(7,10)
(2,0)(0,1)(1,2)(2,3)(3,4)(4,5)(5,3)(3,6)(6,10)(10,12)(12,11)(11,10)(10,7)(7,2)(2,10)
(2,0)(0,1)(1,2)(2,3)(3,4)(4,5)(5,3)(3,6)(6,10)(10,12)(12,11)(11,10)(10,7)(7,8)(8,9)(9,7)(7,2)(2,10)
(2,0)(0,1)(1,2)(2,3)(3,4)(4,5)(5,3)(3,6)(6,10)(10,12)(12,11)(11,10)(10,7)(7,9)(9,8)(8,7)(7,2)(2,10)
(2,0)(0,1)(1,2)(2,3)(3,5)(5,4)(4,3)(3,6)(6,10)(10,2)(2,7)(7,8)(8,9)(9,7)(7,10)(10,11)(11,12)(12,10)
(2,0)(0,1)(1,2)(2,3)(3,5)(5,4)(4,3)(3,6)(6,10)(10,2)(2,7)(7,8)(8,9)(9,7)(7,10)(10,12)(12,11)(11,10)
(2,0)(0,1)(1,2)(2,3)(3,5)(5,4)(4,3)(3,6)(6,10)(10,2)(2,7)(7,9)(9,8)(8,7)(7,10)(10,11)(11,12)(12,10)
(2,0)(0,1)(1,2)(2,3)(3,5)(5,4)(4,3)(3,6)(6,10)(10,2)(2,7)(7,9)(9,8)(8,7)(7,10)(10,12)(12,11)(11,10)
(2,0)(0,1)(1,2)(2,3)(3,5)(5,4)(4,3)(3,6)(6,10)(10,2)(2,7)(7,10)(10,11)(11,12)(12,10)
(2,0)(0,1)(1,2)(2,3)(3,5)(5,4)(4,3)(3,6)(6,10)(10,2)(2,7)(7,10)(10,12)(12,11)(11,10)
(2,0)(0,1)(1,2)(2,3)(3,5)(5,4)(4,3)(3,6)(6,10)(10,7)(7,2)(2,10)(10,11)(11,12)(12,10)
(2,0)(0,1)(1,2)(2,3)(3,5)(5,4)(4,3)(3,6)(6,10)(10,7)(7,2)(2,10)(10,12)(12,11)(11,10)
(2,0)(0,1)(1,2)(2,3)(3,5)(5,4)(4,3)(3,6)(6,10)(10,7)(7,8)(8,9)(9,7)(7,2)(2,10)(10,11)(11,12)(12,10)
(2,0)(0,1)(1,2)(2,3)(3,5)(5,4)(4,3)(3,6)(6,10)(10,7)(7,8)(8,9)(9,7)(7,2)(2,10)(10,12)(12,11)(11,10)
(2,0)(0,1)(1,2)(2,3)(3,5)(5,4)(4,3)(3,6)(6,10)(10,7)(7,9)(9,8)(8,7)(7,2)(2,10)(10,11)(11,12)(12,10)
(2,0)(0,1)(1,2)(2,3)(3,5)(5,4)(4,3)(3,6)(6,10)(10,7)(7,9)(9,8)(8,7)(7,2)(2,10)(10,12)(12,11)(11,10)
(2,0)(0,1)(1,2)(2,3)(3,5)(5,4)(4,3)(3,6)(6,10)(10,11)(11,12)(12,10)(10,2)(2,7)(7,8)(8,9)(9,7)(7,10)
(2,0)(0,1)(1,2)(2,3)(3,5)(5,4)(4,3)(3,6)(6,10)(10,11)(11,12)(12,10)(10,2)(2,7)(7,9)(9,8)(8,7)(7,10)
(2,0)(0,1)(1,2)(2,3)(3,5)(5,4)(4,3)(3,6)(6,10)(10,11)(11,12)(12,10)(10,2)(2,7)(7,10)
(2,0)(0,1)(1,2)(2,3)(3,5)(5,4)(4,3)(3,6)(6,10)(10,11)(11,12)(12,10)(10,7)(7,2)(2,10)
(2,0)(0,1)(1,2)(2,3)(3,5)(5,4)(4,3)(3,6)(6,10)(10,11)(11,12)(12,10)(10,7)(7,8)(8,9)(9,7)(7,2)(2,10)
(2,0)(0,1)(1,2)(2,3)(3,5)(5,4)(4,3)(3,6)(6,10)(10,11)(11,12)(12,10)(10,7)(7,9)(9,8)(8,7)(7,2)(2,10)
(2,0)(0,1)(1,2)(2,3)(3,5)(5,4)(4,3)(3,6)(6,10)(10,12)(12,11)(11,10)(10,2)(2,7)(7,8)(8,9)(9,7)(7,10)
(2,0)(0,1)(1,2)(2,3)(3,5)(5,4)(4,3)(3,6)(6,10)(10,12)(12,11)(11,10)(10,2)(2,7)(7,9)(9,8)(8,7)(7,10)
(2,0)(0,1)(1,2)(2,3)(3,5)(5,4)(4,3)(3,6)(6,10)(10,12)(12,11)(11,10)(10,2)(2,7)(7,10)
(2,0)(0,1)(1,2)(2,3)(3,5)(5,4)(4,3)(3,6)(6,10)(10,12)(12,11)(11,10)(10,7)(7,2)(2,10)
(2,0)(0,1)(1,2)(2,3)(3,5)(5,4)(4,3)(3,6)(6,10)(10,12)(12,11)(11,10)(10,7)(7,8)(8,9)(9,7)(7,2)(2,10)
(2,0)(0,1)(1,2)(2,3)(3,5)(5,4)(4,3)(3,6)(6,10)(10,12)(12,11)(11,10)(10,7)(7,9)(9,8)(8,7)(7,2)(2,10)
(2,0)(0,1)(1,2)(2,3)(3,6)(6,10)(10,2)(2,7)(7,8)(8,9)(9,7)(7,10)(10,11)(11,12)(12,10)
(2,0)(0,1)(1,2)(2,3)(3,6)(6,10)(10,2)(2,7)(7,8)(8,9)(9,7)(7,10)(10,12)(12,11)(11,10)
(2,0)(0,1)(1,2)(2,3)(3,6)(6,10)(10,2)(2,7)(7,9)(9,8)(8,7)(7,10)(10,11)(11,12)(12,10)
(2,0)(0,1)(1,2)(2,3)(3,6)(6,10)(10,2)(2,7)(7,9)(9,8)(8,7)(7,10)(10,12)(12,11)(11,10)
(2,0)(0,1)(1,2)(2,3)(3,6)(6,10)(10,2)(2,7)(7,10)(10,11)(11,12)(12,10)
(2,0)(0,1)(1,2)(2,3)(3,6)(6,10)(10,2)(2,7)(7,10)(10,12)(12,11)(11,10)
(2,0)(0,1)(1,2)(2,3)(3,6)(6,10)(10,7)(7,2)(2,10)(10,11)(11,12)(12,10)
(2,0)(0,1)(1,2)(2,3)(3,6)(6,10)(10,7)(7,2)(2,10)(10,12)(12,11)(11,10)
(2,0)(0,1)(1,2)(2,3)(3,6)(6,10)(10,7)(7,8)(8,9)(9,7)(7,2)(2,10)(10,11)(11,12)(12,10)
(2,0)(0,1)(1,2)(2,3)(3,6)(6,10)(10,7)(7,8)(8,9)(9,7)(7,2)(2,10)(10,12)(12,11)(11,10)
(2,0)(0,1)(1,2)(2,3)(3,6)(6,10)(10,7)(7,9)(9,8)(8,7)(7,2)(2,10)(10,11)(11,12)(12,10)
(2,0)(0,1)(1,2)(2,3)(3,6)(6,10)(10,7)(7,9)(9,8)(8,7)(7,2)(2,10)(10,12)(12,11)(11,10)
(2,0)(0,1)(1,2)(2,3)(3,6)(6,10)(10,11)(11,12)(12,10)(10,2)(2,7)(7,8)(8,9)(9,7)(7,10)
(2,0)(0,1)(1,2)(2,3)(3,6)(6,10)(10,11)(11,12)(12,10)(10,2)(2,7)(7,9)(9,8)(8,7)(7,10)
(2,0)(0,1)(1,2)(2,3)(3,6)(6,10)(10,11)(11,12)(12,10)(10,2)(2,7)(7,10)
(2,0)(0,1)(1,2)(2,3)(3,6)(6,10)(10,11)(11,12)(12,10)(10,7)(7,2)(2,10)
(2,0)(0,1)(1,2)(2,3)(3,6)(6,10)(10,11)(11,12)(12,10)(10,7)(7,8)(8,9)(9,7)(7,2)(2,10)
(2,0)(0,1)(1,2)(2,3)(3,6)(6,10)(10,11)(11,12)(12,10)(10,7)(7,9)(9,8)(8,7)(7,2)(2,10)
(2,0)(0,1)(1,2)(2,3)(3,6)(6,10)(10,12)(12,11)(11,10)(10,2)(2,7)(7,8)(8,9)(9,7)(7,10)
(2,0)(0,1)(1,2)(2,3)(3,6)(6,10)(10,12)(12,11)(11,10)(10,2)(2,7)(7,9)(9,8)(8,7)(7,10)
(2,0)(0,1)(1,2)(2,3)(3,6)(6,10)(10,12)(12,11)(11,10)(10,2)(2,7)(7,10)
(2,0)(0,1)(1,2)(2,3)(3,6)(6,10)(10,12)(12,11)(11,10)(10,7)(7,2)(2,10)
(2,0)(0,1)(1,2)(2,3)(3,6)(6,10)(10,12)(12,11)(11,10)(10,7)(7,8)(8,9)(9,7)(7,2)(2,10)
(2,0)(0,1)(1,2)(2,3)(3,6)(6,10)(10,12)(12,11)(11,10)(10,7)(7,9)(9,8)(8,7)(7,2)(2,10)
(2,0)(0,1)(1,2)(2,7)(7,8)(8,9)(9,7)(7,10)(10,2)(2,3)(3,4)(4,5)(5,3)(3,6)(6,10)(10,11)(11,12)(12,10)
(2,0)(0,1)(1,2)(2,7)(7,8)(8,9)(9,7)(7,10)(10,2)(2,3)(3,4)(4,5)(5,3)(3,6)(6,10)(10,12)(12,11)(11,10)
(2,0)(0,1)(1,2)(2,7)(7,8)(8,9)(9,7)(7,10)(10,2)(2,3)(3,5)(5,4)(4,3)(3,6)(6,10)(10,11)(11,12)(12,10)
(2,0)(0,1)(1,2)(2,7)(7,8)(8,9)(9,7)(7,10)(10,2)(2,3)(3,5)(5,4)(4,3)(3,6)(6,10)(10,12)(12,11)(11,10)
(2,0)(0,1)(1,2)(2,7)(7,8)(8,9)(9,7)(7,10)(10,2)(2,3)(3,6)(6,10)(10,11)(11,12)(12,10)
(2,0)(0,1)(1,2)(2,7)(7,8)(8,9)(9,7)(7,10)(10,2)(2,3)(3,6)(6,10)(10,12)(12,11)(11,10)
(2,0)(0,1)(1,2)(2,7)(7,8)(8,9)(9,7)(7,10)(10,6)(6,3)(3,2)(2,10)(10,11)(11,12)(12,10)
(2,0)(0,1)(1,2)(2,7)(7,8)(8,9)(9,7)(7,10)(10,6)(6,3)(3,2)(2,10)(10,12)(12,11)(11,10)
(2,0)(0,1)(1,2)(2,7)(7,8)(8,9)(9,7)(7,10)(10,6)(6,3)(3,4)(4,5)(5,3)(3,2)(2,10)(10,11)(11,12)(12,10)
(2,0)(0,1)(1,2)(2,7)(7,8)(8,9)(9,7)(7,10)(10,6)(6,3)(3,4)(4,5)(5,3)(3,2)(2,10)(10,12)(12,11)(11,10)
(2,0)(0,1)(1,2)(2,7)(7,8)(8,9)(9,7)(7,10)(10,6)(6,3)(3,5)(5,4)(4,3)(3,2)(2,10)(10,11)(11,12)(12,10)
(2,0)(0,1)(1,2)(2,7)(7,8)(8,9)(9,7)(7,10)(10,6)(6,3)(3,5)(5,4)(4,3)(3,2)(2,10)(10,12)(12,11)(11,10)
(2,0)(0,1)(1,2)(2,7)(7,8)(8,9)(9,7)(7,10)(10,11)(11,12)(12,10)(10,2)(2,3)(3,4)(4,5)(5,3)(3,6)(6,10)
(2,0)(0,1)(1,2)(2,7)(7,8)(8,9)(9,7)(7,10)(10,11)(11,12)(12,10)(10,2)(2,3)(3,5)(5,4)(4,3)(3,6)(6,10)
(2,0)(0,1)(1,2)(2,7)(7,8)(8,9)(9,7)(7,10)(10,11)(11,12)(12,10)(10,2)(2,3)(3,6)(6,10)
(2,0)(0,1)(1,2)(2,7)(7,8)(8,9)(9,7)(7,10)(10,11)(11,12)(12,10)(10,6)(6,3)(3,2)(2,10)
(2,0)(0,1)(1,2)(2,7)(7,8)(8,9)(9,7)(7,10)(10,11)(11,12)(12,10)(10,6)(6,3)(3,4)(4,5)(5,3)(3,2)(2,10)
(2,0)(0,1)(1,2)(2,7)(7,8)(8,9)(9,7)(7,10)(10,11)(11,12)(12,10)(10,6)(6,3)(3,5)(5,4)(4,3)(3,2)(2,10)
(2,0)(0,1)(1,2)(2,7)(7,8)(8,9)(9,7)(7,10)(10,12)(12,11)(11,10)(10,2)(2,3)(3,4)(4,5)(5,3)(3,6)(6,10)
(2,0)(0,1)(1,2)(2,7)(7,8)(8,9)(9,7)(7,10)(10,12)(12,11)(11,10)(10,2)(2,3)(3,5)(5,4)(4,3)(3,6)(6,10)
(2,0)(0,1)(1,2)(2,7)(7,8)(8,9)(9,7)(7,10)(10,12)(12,11)(11,10)(10,2)(2,3)(3,6)(6,10)
(2,0)(0,1)(1,2)(2,7)(7,8)(8,9)(9,7)(7,10)(10,12)(12,11)(11,10)(10,6)(6,3)(3,2)(2,10)
(2,0)(0,1)(1,2)(2,7)(7,8)(8,9)(9,7)(7,10)(10,12)(12,11)(11,10)(10,6)(6,3)(3,4)(4,5)(5,3)(3,2)(2,10)
(2,0)(0,1)(1,2)(2,7)(7,8)(8,9)(9,7)(7,10)(10,12)(12,11)(11,10)(10,6)(6,3)(3,5)(5,4)(4,3)(3,2)(2,10)
(2,0)(0,1)(1,2)(2,7)(7,9)(9,8)(8,7)(7,10)(10,2)(2,3)(3,4)(4,5)(5,3)(3,6)(6,10)(10,11)(11,12)(12,10)
(2,0)(0,1)(1,2)(2,7)(7,9)(9,8)(8,7)(7,10)(10,2)(2,3)(3,4)(4,5)(5,3)(3,6)(6,10)(10,12)(12,11)(11,10)
(2,0)(0,1)(1,2)(2,7)(7,9)(9,8)(8,7)(7,10)(10,2)(2,3)(3,5)(5,4)(4,3)(3,6)(6,10)(10,11)(11,12)(12,10)
(2,0)(0,1)(1,2)(2,7)(7,9)(9,8)(8,7)(7,10)(10,2)(2,3)(3,5)(5,4)(4,3)(3,6)(6,10)(10,12)(12,11)(11,10)
(2,0)(0,1)(1,2)(2,7)(7,9)(9,8)(8,7)(7,10)(10,2)(2,3)(3,6)(6,10)(10,11)(11,12)(12,10)
(2,0)(0,1)(1,2)(2,7)(7,9)(9,8)(8,7)(7,10)(10,2)(2,3)(3,6)(6,10)(10,12)(12,11)(11,10)
(2,0)(0,1)(1,2)(2,7)(7,9)(9,8)(8,7)(7,10)(10,6)(6,3)(3,2)(2,10)(10,11)(11,12)(12,10)
(2,0)(0,1)(1,2)(2,7)(7,9)(9,8)(8,7)(7,10)(10,6)(6,3)(3,2)(2,10)(10,12)(12,11)(11,10)
(2,0)(0,1)(1,2)(2,7)(7,9)(9,8)(8,7)(7,10)(10,6)(6,3)(3,4)(4,5)(5,3)(3,2)(2,10)(10,11)(11,12)(12,10)
(2,0)(0,1)(1,2)(2,7)(7,9)(9,8)(8,7)(7,10)(10,6)(6,3)(3,4)(4,5)(5,3)(3,2)(2,10)(10,12)(12,11)(11,10)
(2,0)(0,1)(1,2)(2,7)(7,9)(9,8)(8,7)(7,10)(10,6)(6,3)(3,5)(5,4)(4,3)(3,2)(2,10)(10,11)(11,12)(12,10)
(2,0)(0,1)(1,2)(2,7)(7,9)(9,8)(8,7)(7,10)(10,6)(6,3)(3,5)(5,4)(4,3)(3,2)(2,10)(10,12)(12,11)(11,10)
(2,0)(0,1)(1,2)(2,7)(7,9)(9,8)(8,7)(7,10)(10,11)(11,12)(12,10)(10,2)(2,3)(3,4)(4,5)(5,3)(3,6)(6,10)
(2,0)(0,1)(1,2)(2,7)(7,9)(9,8)(8,7)(7,10)(10,11)(11,12)(12,10)(10,2)(2,3)(3,5)(5,4)(4,3)(3,6)(6,10)
(2,0)(0,1)(1,2)(2,7)(7,9)(9,8)(8,7)(7,10)(10,11)(11,12)(12,10)(10,2)(2,3)(3,6)(6,10)
(2,0)(0,1)(1,2)(2,7)(7,9)(9,8)(8,7)(7,10)(10,11)(11,12)(12,10)(10,6)(6,3)(3,2)(2,10)
(2,0)(0,1)(1,2)(2,7)(7,9)(9,8)(8,7)(7,10)(10,11)(11,12)(12,10)(10,6)(6,3)(3,4)(4,5)(5,3)(3,2)(2,10)
(2,0)(0,1)(1,2)(2,7)(7,9)(9,8)(8,7)(7,10)(10,11)(11,12)(12,10)(10,6)(6,3)(3,5)(5,4)(4,3)(3,2)(2,10)
(2,0)(0,1)(1,2)(2,7)(7,9)(9,8)(8,7)(7,10)(10,12)(12,11)(11,10)(10,2)(2,3)(3,4)(4,5)(5,3)(3,6)(6,10)
(2,0)(0,1)(1,2)(2,7)(7,9)(9,8)(8,7)(7,10)(10,12)(12,11)(11,10)(10,2)(2,3)(3,5)(5,4)(4,3)(3,6)(6,10)
(2,0)(0,1)(1,2)(2,7)(7,9)(9,8)(8,7)(7,10)(10,12)(12,11)(11,10)(10,2)(2,3)(3,6)(6,10)
(2,0)(0,1)(1,2)(2,7)(7,9)(9,8)(8,7)(7,10)(10,12)(12,11)(11,10)(10,6)(6,3)(3,2)(2,10)
(2,0)(0,1)(1,2)(2,7)(7,9)(9,8)(8,7)(7,10)(10,12)(12,11)(11,10)(10,6)(6,3)(3,4)(4,5)(5,3)(3,2)(2,10)
(2,0)(0,1)(1,2)(2,7)(7,9)(9,8)(8,7)(7,10)(10,12)(12,11)(11,10)(10,6)(6,3)(3,5)(5,4)(4,3)(3,2)(2,10)
(2,0)(0,1)(1,2)(2,7)(7,10)(10,2)(2,3)(3,4)(4,5)(5,3)(3,6)(6,10)(10,11)(11,12)(12,10)
(2,0)(0,1)(1,2)(2,7)(7,10)(10,2)(2,3)(3,4)(4,5)(5,3)(3,6)(6,10)(10,12)(12,11)(11,10)
(2,0)(0,1)(1,2)(2,7)(7,10)(10,2)(2,3)(3,5)(5,4)(4,3)(3,6)(6,10)(10,11)(11,12)(12,10)
(2,0)(0,1)(1,2)(2,7)(7,10)(10,2)(2,3)(3,5)(5,4)(4,3)(3,6)(6,10)(10,12)(12,11)(11,10)
(2,0)(0,1)(1,2)(2,7)(7,10)(10,2)(2,3)(3,6)(6,10)(10,11)(11,12)(12,10)
(2,0)(0,1)(1,2)(2,7)(7,10)(10,2)(2,3)(3,6)(6,10)(10,12)(12,11)(11,10)
(2,0)(0,1)(1,2)(2,7)(7,10)(10,6)(6,3)(3,2)(2,10)(10,11)(11,12)(12,10)
(2,0)(0,1)(1,2)(2,7)(7,10)(10,6)(6,3)(3,2)(2,10)(10,12)(12,11)(11,10)
(2,0)(0,1)(1,2)(2,7)(7,10)(10,6)(6,3)(3,4)(4,5)(5,3)(3,2)(2,10)(10,11)(11,12)(12,10)
(2,0)(0,1)(1,2)(2,7)(7,10)(10,6)(6,3)(3,4)(4,5)(5,3)(3,2)(2,10)(10,12)(12,11)(11,10)
(2,0)(0,1)(1,2)(2,7)(7,10)(10,6)(6,3)(3,5)(5,4)(4,3)(3,2)(2,10)(10,11)(11,12)(12,10)
(2,0)(0,1)(1,2)(2,7)(7,10)(10,6)(6,3)(3,5)(5,4)(4,3)(3,2)(2,10)(10,12)(12,11)(11,10)
(2,0)(0,1)(1,2)(2,7)(7,10)(10,11)(11,12)(12,10)(10,2)(2,3)(3,4)(4,5)(5,3)(3,6)(6,10)
(2,0)(0,1)(1,2)(2,7)(7,10)(10,11)(11,12)(12,10)(10,2)(2,3)(3,5)(5,4)(4,3)(3,6)(6,10)
(2,0)(0,1)(1,2)(2,7)(7,10)(10,11)(11,12)(12,10)(10,2)(2,3)(3,6)(6,10)
(2,0)(0,1)(1,2)(2,7)(7,10)(10,11)(11,12)(12,10)(10,6)(6,3)(3,2)(2,10)
(2,0)(0,1)(1,2)(2,7)(7,10)(10,11)(11,12)(12,10)(10,6)(6,3)(3,4)(4,5)(5,3)(3,2)(2,10)
(2,0)(0,1)(1,2)(2,7)(7,10)(10,11)(11,12)(12,10)(10,6)(6,3)(3,5)(5,4)(4,3)(3,2)(2,10)
(2,0)(0,1)(1,2)(2,7)(7,10)(10,12)(12,11)(11,10)(10,2)(2,3)(3,4)(4,5)(5,3)(3,6)(6,10)
(2,0)(0,1)(1,2)(2,7)(7,10)(10,12)(12,11)(11,10)(10,2)(2,3)(3,5)(5,4)(4,3)(3,6)(6,10)
(2,0)(0,1)(1,2)(2,7)(7,10)(10,12)(12,11)(11,10)(10,2)(2,3)(3,6)(6,10)
(2,0)(0,1)(1,2)(2,7)(7,10)(10,12)(12,11)(11,10)(10,6)(6,3)(3,2)(2,10)
(2,0)(0,1)(1,2)(2,7)(7,10)(10,12)(12,11)(11,10)(10,6)(6,3)(3,4)(4,5)(5,3)(3,2)(2,10)
(2,0)(0,1)(1,2)(2,7)(7,10)(10,12)(12,11)(11,10)(10,6)(6,3)(3,5)(5,4)(4,3)(3,2)(2,10)
(2,0)(0,1)(1,2)(2,10)(10,6)(6,3)(3,2)(2,7)(7,8)(8,9)(9,7)(7,10)(10,11)(11,12)(12,10)
(2,0)(0,1)(1,2)(2,10)(10,6)(6,3)(3,2)(2,7)(7,8)(8,9)(9,7)(7,10)(10,12)(12,11)(11,10)
(2,0)(0,1)(1,2)(2,10)(10,6)(6,3)(3,2)(2,7)(7,9)(9,8)(8,7)(7,10)(10,11)(11,12)(12,10)
(2,0)(0,1)(1,2)(2,10)(10,6)(6,3)(3,2)(2,7)(7,9)(9,8)(8,7)(7,10)(10,12)(12,11)(11,10)
(2,0)(0,1)(1,2)(2,10)(10,6)(6,3)(3,2)(2,7)(7,10)(10,11)(11,12)(12,10)
(2,0)(0,1)(1,2)(2,10)(10,6)(6,3)(3,2)(2,7)(7,10)(10,12)(12,11)(11,10)
(2,0)(0,1)(1,2)(2,10)(10,6)(6,3)(3,4)(4,5)(5,3)(3,2)(2,7)(7,8)(8,9)(9,7)(7,10)(10,11)(11,12)(12,10)
(2,0)(0,1)(1,2)(2,10)(10,6)(6,3)(3,4)(4,5)(5,3)(3,2)(2,7)(7,8)(8,9)(9,7)(7,10)(10,12)(12,11)(11,10)
(2,0)(0,1)(1,2)(2,10)(10,6)(6,3)(3,4)(4,5)(5,3)(3,2)(2,7)(7,9)(9,8)(8,7)(7,10)(10,11)(11,12)(12,10)
(2,0)(0,1)(1,2)(2,10)(10,6)(6,3)(3,4)(4,5)(5,3)(3,2)(2,7)(7,9)(9,8)(8,7)(7,10)(10,12)(12,11)(11,10)
(2,0)(0,1)(1,2)(2,10)(10,6)(6,3)(3,4)(4,5)(5,3)(3,2)(2,7)(7,10)(10,11)(11,12)(12,10)
(2,0)(0,1)(1,2)(2,10)(10,6)(6,3)(3,4)(4,5)(5,3)(3,2)(2,7)(7,10)(10,12)(12,11)(11,10)
(2,0)(0,1)(1,2)(2,10)(10,6)(6,3)(3,5)(5,4)(4,3)(3,2)(2,7)(7,8)(8,9)(9,7)(7,10)(10,11)(11,12)(12,10)
(2,0)(0,1)(1,2)(2,10)(10,6)(6,3)(3,5)(5,4)(4,3)(3,2)(2,7)(7,8)(8,9)(9,7)(7,10)(10,12)(12,11)(11,10)
(2,0)(0,1)(1,2)(2,10)(10,6)(6,3)(3,5)(5,4)(4,3)(3,2)(2,7)(7,9)(9,8)(8,7)(7,10)(10,11)(11,12)(12,10)
(2,0)(0,1)(1,2)(2,10)(10,6)(6,3)(3,5)(5,4)(4,3)(3,2)(2,7)(7,9)(9,8)(8,7)(7,10)(10,12)(12,11)(11,10)
(2,0)(0,1)(1,2)(2,10)(10,6)(6,3)(3,5)(5,4)(4,3)(3,2)(2,7)(7,10)(10,11)(11,12)(12,10)
(2,0)(0,1)(1,2)(2,10)(10,6)(6,3)(3,5)(5,4)(4,3)(3,2)(2,7)(7,10)(10,12)(12,11)(11,10)
(2,0)(0,1)(1,2)(2,10)(10,7)(7,2)(2,3)(3,4)(4,5)(5,3)(3,6)(6,10)(10,11)(11,12)(12,10)
(2,0)(0,1)(1,2)(2,10)(10,7)(7,2)(2,3)(3,4)(4,5)(5,3)(3,6)(6,10)(10,12)(12,11)(11,10)
(2,0)(0,1)(1,2)(2,10)(10,7)(7,2)(2,3)(3,5)(5,4)(4,3)(3,6)(6,10)(10,11)(11,12)(12,10)
(2,0)(0,1)(1,2)(2,10)(10,7)(7,2)(2,3)(3,5)(5,4)(4,3)(3,6)(6,10)(10,12)(12,11)(11,10)
(2,0)(0,1)(1,2)(2,10)(10,7)(7,2)(2,3)(3,6)(6,10)(10,11)(11,12)(12,10)
(2,0)(0,1)(1,2)(2,10)(10,7)(7,2)(2,3)(3,6)(6,10)(10,12)(12,11)(11,10)
(2,0)(0,1)(1,2)(2,10)(10,7)(7,8)(8,9)(9,7)(7,2)(2,3)(3,4)(4,5)(5,3)(3,6)(6,10)(10,11)(11,12)(12,10)
(2,0)(0,1)(1,2)(2,10)(10,7)(7,8)(8,9)(9,7)(7,2)(2,3)(3,4)(4,5)(5,3)(3,6)(6,10)(10,12)(12,11)(11,10)
(2,0)(0,1)(1,2)(2,10)(10,7)(7,8)(8,9)(9,7)(7,2)(2,3)(3,5)(5,4)(4,3)(3,6)(6,10)(10,11)(11,12)(12,10)
(2,0)(0,1)(1,2)(2,10)(10,7)(7,8)(8,9)(9,7)(7,2)(2,3)(3,5)(5,4)(4,3)(3,6)(6,10)(10,12)(12,11)(11,10)
(2,0)(0,1)(1,2)(2,10)(10,7)(7,8)(8,9)(9,7)(7,2)(2,3)(3,6)(6,10)(10,11)(11,12)(12,10)
(2,0)(0,1)(1,2)(2,10)(10,7)(7,8)(8,9)(9,7)(7,2)(2,3)(3,6)(6,10)(10,12)(12,11)(11,10)
(2,0)(0,1)(1,2)(2,10)(10,7)(7,9)(9,8)(8,7)(7,2)(2,3)(3,4)(4,5)(5,3)(3,6)(6,10)(10,11)(11,12)(12,10)
(2,0)(0,1)(1,2)(2,10)(10,7)(7,9)(9,8)(8,7)(7,2)(2,3)(3,4)(4,5)(5,3)(3,6)(6,10)(10,12)(12,11)(11,10)
(2,0)(0,1)(1,2)(2,10)(10,7)(7,9)(9,8)(8,7)(7,2)(2,3)(3,5)(5,4)(4,3)(3,6)(6,10)(10,11)(11,12)(12,10)
(2,0)(0,1)(1,2)(2,10)(10,7)(7,9)(9,8)(8,7)(7,2)(2,3)(3,5)(5,4)(4,3)(3,6)(6,10)(10,12)(12,11)(11,10)
(2,0)(0,1)(1,2)(2,10)(10,7)(7,9)(9,8)(8,7)(7,2)(2,3)(3,6)(6,10)(10,11)(11,12)(12,10)
(2,0)(0,1)(1,2)(2,10)(10,7)(7,9)(9,8)(8,7)(7,2)(2,3)(3,6)(6,10)(10,12)(12,11)(11,10)
(2,0)(0,1)(1,2)(2,10)(10,11)(11,12)(12,10)(10,6)(6,3)(3,2)(2,7)(7,8)(8,9)(9,7)(7,10)
(2,0)(0,1)(1,2)(2,10)(10,11)(11,12)(12,10)(10,6)(6,3)(3,2)(2,7)(7,9)(9,8)(8,7)(7,10)
(2,0)(0,1)(1,2)(2,10)(10,11)(11,12)(12,10)(10,6)(6,3)(3,2)(2,7)(7,10)
(2,0)(0,1)(1,2)(2,10)(10,11)(11,12)(12,10)(10,6)(6,3)(3,4)(4,5)(5,3)(3,2)(2,7)(7,8)(8,9)(9,7)(7,10)
(2,0)(0,1)(1,2)(2,10)(10,11)(11,12)(12,10)(10,6)(6,3)(3,4)(4,5)(5,3)(3,2)(2,7)(7,9)(9,8)(8,7)(7,10)
(2,0)(0,1)(1,2)(2,10)(10,11)(11,12)(12,10)(10,6)(6,3)(3,4)(4,5)(5,3)(3,2)(2,7)(7,10)
(2,0)(0,1)(1,2)(2,10)(10,11)(11,12)(12,10)(10,6)(6,3)(3,5)(5,4)(4,3)(3,2)(2,7)(7,8)(8,9)(9,7)(7,10)
(2,0)(0,1)(1,2)(2,10)(10,11)(11,12)(12,10)(10,6)(6,3)(3,5)(5,4)(4,3)(3,2)(2,7)(7,9)(9,8)(8,7)(7,10)
(2,0)(0,1)(1,2)(2,10)(10,11)(11,12)(12,10)(10,6)(6,3)(3,5)(5,4)(4,3)(3,2)(2,7)(7,10)
(2,0)(0,1)(1,2)(2,10)(10,11)(11,12)(12,10)(10,7)(7,2)(2,3)(3,4)(4,5)(5,3)(3,6)(6,10)
(2,0)(0,1)(1,2)(2,10)(10,11)(11,12)(12,10)(10,7)(7,2)(2,3)(3,5)(5,4)(4,3)(3,6)(6,10)
(2,0)(0,1)(1,2)(2,10)(10,11)(11,12)(12,10)(10,7)(7,2)(2,3)(3,6)(6,10)
(2,0)(0,1)(1,2)(2,10)(10,11)(11,12)(12,10)(10,7)(7,8)(8,9)(9,7)(7,2)(2,3)(3,4)(4,5)(5,3)(3,6)(6,10)
(2,0)(0,1)(1,2)(2,10)(10,11)(11,12)(12,10)(10,7)(7,8)(8,9)(9,7)(7,2)(2,3)(3,5)(5,4)(4,3)(3,6)(6,10)
(2,0)(0,1)(1,2)(2,10)(10,11)(11,12)(12,10)(10,7)(7,8)(8,9)(9,7)(7,2)(2,3)(3,6)(6,10)
(2,0)(0,1)(1,2)(2,10)(10,11)(11,12)(12,10)(10,7)(7,9)(9,8)(8,7)(7,2)(2,3)(3,4)(4,5)(5,3)(3,6)(6,10)
(2,0)(0,1)(1,2)(2,10)(10,11)(11,12)(12,10)(10,7)(7,9)(9,8)(8,7)(7,2)(2,3)(3,5)(5,4)(4,3)(3,6)(6,10)
(2,0)(0,1)(1,2)(2,10)(10,11)(11,12)(12,10)(10,7)(7,9)(9,8)(8,7)(7,2)(2,3)(3,6)(6,10)
(2,0)(0,1)(1,2)(2,10)(10,12)(12,11)(11,10)(10,6)(6,3)(3,2)(2,7)(7,8)(8,9)(9,7)(7,10)
(2,0)(0,1)(1,2)(2,10)(10,12)(12,11)(11,10)(10,6)(6,3)(3,2)(2,7)(7,9)(9,8)(8,7)(7,10)
(2,0)(0,1)(1,2)(2,10)(10,12)(12,11)(11,10)(10,6)(6,3)(3,2)(2,7)(7,10)
(2,0)(0,1)(1,2)(2,10)(10,12)(12,11)(11,10)(10,6)(6,3)(3,4)(4,5)(5,3)(3,2)(2,7)(7,8)(8,9)(9,7)(7,10)
(2,0)(0,1)(1,2)(2,10)(10,12)(12,11)(11,10)(10,6)(6,3)(3,4)(4,5)(5,3)(3,2)(2,7)(7,9)(9,8)(8,7)(7,10)
(2,0)(0,1)(1,2)(2,10)(10,12)(12,11)(11,10)(10,6)(6,3)(3,4)(4,5)(5,3)(3,2)(2,7)(7,10)
(2,0)(0,1)(1,2)(2,10)(10,12)(12,11)(11,10)(10,6)(6,3)(3,5)(5,4)(4,3)(3,2)(2,7)(7,8)(8,9)(9,7)(7,10)
(2,0)(0,1)(1,2)(2,10)(10,12)(12,11)(11,10)(10,6)(6,3)(3,5)(5,4)(4,3)(3,2)(2,7)(7,9)(9,8)(8,7)(7,10)
(2,0)(0,1)(1,2)(2,10)(10,12)(12,11)(11,10)(10,6)(6,3)(3,5)(5,4)(4,3)(3,2)(2,7)(7,10)
(2,0)(0,1)(1,2)(2,10)(10,12)(12,11)(11,10)(10,7)(7,2)(2,3)(3,4)(4,5)(5,3)(3,6)(6,10)
(2,0)(0,1)(1,2)(2,10)(10,12)(12,11)(11,10)(10,7)(7,2)(2,3)(3,5)(5,4)(4,3)(3,6)(6,10)
(2,0)(0,1)(1,2)(2,10)(10,12)(12,11)(11,10)(10,7)(7,2)(2,3)(3,6)(6,10)
(2,0)(0,1)(1,2)(2,10)(10,12)(12,11)(11,10)(10,7)(7,8)(8,9)(9,7)(7,2)(2,3)(3,4)(4,5)(5,3)(3,6)(6,10)
(2,0)(0,1)(1,2)(2,10)(10,12)(12,11)(11,10)(10,7)(7,8)(8,9)(9,7)(7,2)(2,3)(3,5)(5,4)(4,3)(3,6)(6,10)
(2,0)(0,1)(1,2)(2,10)(10,12)(12,11)(11,10)(10,7)(7,8)(8,9)(9,7)(7,2)(2,3)(3,6)(6,10)
(2,0)(0,1)(1,2)(2,10)(10,12)(12,11)(11,10)(10,7)(7,9)(9,8)(8,7)(7,2)(2,3)(3,4)(4,5)(5,3)(3,6)(6,10)
(2,0)(0,1)(1,2)(2,10)(10,12)(12,11)(11,10)(10,7)(7,9)(9,8)(8,7)(7,2)(2,3)(3,5)(5,4)(4,3)(3,6)(6,10)
(2,0)(0,1)(1,2)(2,10)(10,12)(12,11)(11,10)(10,7)(7,9)(9,8)(8,7)(7,2)(2,3)(3,6)(6,10)
(2,1)(1,0)(0,2)(2,3)(3,4)(4,5)(5,3)(3,6)(6,10)(10,2)(2,7)(7,8)(8,9)(9,7)(7,10)(10,11)(11,12)(12,10)
(2,1)(1,0)(0,2)(2,3)(3,4)(4,5)(5,3)(3,6)(6,10)(10,2)(2,7)(7,8)(8,9)(9,7)(7,10)(10,12)(12,11)(11,10)
(2,1)(1,0)(0,2)(2,3)(3,4)(4,5)(5,3)(3,6)(6,10)(10,2)(2,7)(7,9)(9,8)(8,7)(7,10)(10,11)(11,12)(12,10)
(2,1)(1,0)(0,2)(2,3)(3,4)(4,5)(5,3)(3,6)(6,10)(10,2)(2,7)(7,9)(9,8)(8,7)(7,10)(10,12)(12,11)(11,10)
(2,1)(1,0)(0,2)(2,3)(3,4)(4,5)(5,3)(3,6)(6,10)(10,2)(2,7)(7,10)(10,11)(11,12)(12,10)
(2,1)(1,0)(0,2)(2,3)(3,4)(4,5)(5,3)(3,6)(6,10)(10,2)(2,7)(7,10)(10,12)(12,11)(11,10)
(2,1)(1,0)(0,2)(2,3)(3,4)(4,5)(5,3)(3,6)(6,10)(10,7)(7,2)(2,10)(10,11)(11,12)(12,10)
(2,1)(1,0)(0,2)(2,3)(3,4)(4,5)(5,3)(3,6)(6,10)(10,7)(7,2)(2,10)(10,12)(12,11)(11,10)
(2,1)(1,0)(0,2)(2,3)(3,4)(4,5)(5,3)(3,6)(6,10)(10,7)(7,8)(8,9)(9,7)(7,2)(2,10)(10,11)(11,12)(12,10)
(2,1)(1,0)(0,2)(2,3)(3,4)(4,5)(5,3)(3,6)(6,10)(10,7)(7,8)(8,9)(9,7)(7,2)(2,10)(10,12)(12,11)(11,10)
(2,1)(1,0)(0,2)(2,3)(3,4)(4,5)(5,3)(3,6)(6,10)(10,7)(7,9)(9,8)(8,7)(7,2)(2,10)(10,11)(11,12)(12,10)
(2,1)(1,0)(0,2)(2,3)(3,4)(4,5)(5,3)(3,6)(6,10)(10,7)(7,9)(9,8)(8,7)(7,2)(2,10)(10,12)(12,11)(11,10)
(2,1)(1,0)(0,2)(2,3)(3,4)(4,5)(5,3)(3,6)(6,10)(10,11)(11,12)(12,10)(10,2)(2,7)(7,8)(8,9)(9,7)(7,10)
(2,1)(1,0)(0,2)(2,3)(3,4)(4,5)(5,3)(3,6)(6,10)(10,11)(11,12)(12,10)(10,2)(2,7)(7,9)(9,8)(8,7)(7,10)
(2,1)(1,0)(0,2)(2,3)(3,4)(4,5)(5,3)(3,6)(6,10)(10,11)(11,12)(12,10)(10,2)(2,7)(7,10)
(2,1)(1,0)(0,2)(2,3)(3,4)(4,5)(5,3)(3,6)(6,10)(10,11)(11,12)(12,10)(10,7)(7,2)(2,10)
(2,1)(1,0)(0,2)(2,3)(3,4)(4,5)(5,3)(3,6)(6,10)(10,11)(11,12)(12,10)(10,7)(7,8)(8,9)(9,7)(7,2)(2,10)
(2,1)(1,0)(0,2)(2,3)(3,4)(4,5)(5,3)(3,6)(6,10)(10,11)(11,12)(12,10)(10,7)(7,9)(9,8)(8,7)(7,2)(2,10)
(2,1)(1,0)(0,2)(2,3)(3,4)(4,5)(5,3)(3,6)(6,10)(10,12)(12,11)(11,10)(10,2)(2,7)(7,8)(8,9)(9,7)(7,10)
(2,1)(1,0)(0,2)(2,3)(3,4)(4,5)(5,3)(3,6)(6,10)(10,12)(12,11)(11,10)(10,2)(2,7)(7,9)(9,8)(8,7)(7,10)
(2,1)(1,0)(0,2)(2,3)(3,4)(4,5)(5,3)(3,6)(6,10)(10,12)(12,11)(11,10)(10,2)(2,7)(7,10)
(2,1)(1,0)(0,2)(2,3)(3,4)(4,5)(5,3)(3,6)(6,10)(10,12)(12,11)(11,10)(10,7)(7,2)(2,10)
(2,1)(1,0)(0,2)(2,3)(3,4)(4,5)(5,3)(3,6)(6,10)(10,12)(12,11)(11,10)(10,7)(7,8)(8,9)(9,7)(7,2)(2,10)
(2,1)(1,0)(0,2)(2,3)(3,4)(4,5)(5,3)(3,6)(6,10)(10,12)(12,11)(11,10)(10,7)(7,9)(9,8)(8,7)(7,2)(2,10)
(2,1)(1,0)(0,2)(2,3)(3,5)(5,4)(4,3)(3,6)(6,10)(10,2)(2,7)(7,8)(8,9)(9,7)(7,10)(10,11)(11,12)(12,10)
(2,1)(1,0)(0,2)(2,3)(3,5)(5,4)(4,3)(3,6)(6,10)(10,2)(2,7)(7,8)(8,9)(9,7)(7,10)(10,12)(12,11)(11,10)
(2,1)(1,0)(0,2)(2,3)(3,5)(5,4)(4,3)(3,6)(6,10)(10,2)(2,7)(7,9)(9,8)(8,7)(7,10)(10,11)(11,12)(12,10)
(2,1)(1,0)(0,2)(2,3)(3,5)(5,4)(4,3)(3,6)(6,10)(10,2)(2,7)(7,9)(9,8)(8,7)(7,10)(10,12)(12,11)(11,10)
(2,1)(1,0)(0,2)(2,3)(3,5)(5,4)(4,3)(3,6)(6,10)(10,2)(2,7)(7,10)(10,11)(11,12)(12,10)
(2,1)(1,0)(0,2)(2,3)(3,5)(5,4)(4,3)(3,6)(6,10)(10,2)(2,7)(7,10)(10,12)(12,11)(11,10)
(2,1)(1,0)(0,2)(2,3)(3,5)(5,4)(4,3)(3,6)(6,10)(10,7)(7,2)(2,10)(10,11)(11,12)(12,10)
(2,1)(1,0)(0,2)(2,3)(3,5)(5,4)(4,3)(3,6)(6,10)(10,7)(7,2)(2,10)(10,12)(12,11)(11,10)
(2,1)(1,0)(0,2)(2,3)(3,5)(5,4)(4,3)(3,6)(6,10)(10,7)(7,8)(8,9)(9,7)(7,2)(2,10)(10,11)(11,12)(12,10)
(2,1)(1,0)(0,2)(2,3)(3,5)(5,4)(4,3)(3,6)(6,10)(10,7)(7,8)(8,9)(9,7)(7,2)(2,10)(10,12)(12,11)(11,10)
(2,1)(1,0)(0,2)(2,3)(3,5)(5,4)(4,3)(3,6)(6,10)(10,7)(7,9)(9,8)(8,7)(7,2)(2,10)(10,11)(11,12)(12,10)
(2,1)(1,0)(0,2)(2,3)(3,5)(5,4)(4,3)(3,6)(6,10)(10,7)(7,9)(9,8)(8,7)(7,2)(2,10)(10,12)(12,11)(11,10)
(2,1)(1,0)(0,2)(2,3)(3,5)(5,4)(4,3)(3,6)(6,10)(10,11)(11,12)(12,10)(10,2)(2,7)(7,8)(8,9)(9,7)(7,10)
(2,1)(1,0)(0,2)(2,3)(3,5)(5,4)(4,3)(3,6)(6,10)(10,11)(11,12)(12,10)(10,2)(2,7)(7,9)(9,8)(8,7)(7,10)
(2,1)(1,0)(0,2)(2,3)(3,5)(5,4)(4,3)(3,6)(6,10)(10,11)(11,12)(12,10)(10,2)(2,7)(7,10)
(2,1)(1,0)(0,2)(2,3)(3,5)(5,4)(4,3)(3,6)(6,10)(10,11)(11,12)(12,10)(10,7)(7,2)(2,10)
(2,1)(1,0)(0,2)(2,3)(3,5)(5,4)(4,3)(3,6)(6,10)(10,11)(11,12)(12,10)(10,7)(7,8)(8,9)(9,7)(7,2)(2,10)
(2,1)(1,0)(0,2)(2,3)(3,5)(5,4)(4,3)(3,6)(6,10)(10,11)(11,12)(12,10)(10,7)(7,9)(9,8)(8,7)(7,2)(2,10)
(2,1)(1,0)(0,2)(2,3)(3,5)(5,4)(4,3)(3,6)(6,10)(10,12)(12,11)(11,10)(10,2)(2,7)(7,8)(8,9)(9,7)(7,10)
(2,1)(1,0)(0,2)(2,3)(3,5)(5,4)(4,3)(3,6)(6,10)(10,12)(12,11)(11,10)(10,2)(2,7)(7,9)(9,8)(8,7)(7,10)
(2,1)(1,0)(0,2)(2,3)(3,5)(5,4)(4,3)(3,6)(6,10)(10,12)(12,11)(11,10)(10,2)(2,7)(7,10)
(2,1)(1,0)(0,2)(2,3)(3,5)(5,4)(4,3)(3,6)(6,10)(10,12)(12,11)(11,10)(10,7)(7,2)(2,10)
(2,1)(1,0)(0,2)(2,3)(3,5)(5,4)(4,3)(3,6)(6,10)(10,12)(12,11)(11,10)(10,7)(7,8)(8,9)(9,7)(7,2)(2,10)
(2,1)(1,0)(0,2)(2,3)(3,5)(5,4)(4,3)(3,6)(6,10)(10,12)(12,11)(11,10)(10,7)(7,9)(9,8)(8,7)(7,2)(2,10)
(2,1)(1,0)(0,2)(2,3)(3,6)(6,10)(10,2)(2,7)(7,8)(8,9)(9,7)(7,10)(10,11)(11,12)(12,10)
(2,1)(1,0)(0,2)(2,3)(3,6)(6,10)(10,2)(2,7)(7,8)(8,9)(9,7)(7,10)(10,12)(12,11)(11,10)
(2,1)(1,0)(0,2)(2,3)(3,6)(6,10)(10,2)(2,7)(7,9)(9,8)(8,7)(7,10)(10,11)(11,12)(12,10)
(2,1)(1,0)(0,2)(2,3)(3,6)(6,10)(10,2)(2,7)(7,9)(9,8)(8,7)(7,10)(10,12)(12,11)(11,10)
(2,1)(1,0)(0,2)(2,3)(3,6)(6,10)(10,2)(2,7)(7,10)(10,11)(11,12)(12,10)
(2,1)(1,0)(0,2)(2,3)(3,6)(6,10)(10,2)(2,7)(7,10)(10,12)(12,11)(11,10)
(2,1)(1,0)(0,2)(2,3)(3,6)(6,10)(10,7)(7,2)(2,10)(10,11)(11,12)(12,10)
(2,1)(1,0)(0,2)(2,3)(3,6)(6,10)(10,7)(7,2)(2,10)(10,12)(12,11)(11,10)
(2,1)(1,0)(0,2)(2,3)(3,6)(6,10)(10,7)(7,8)(8,9)(9,7)(7,2)(2,10)(10,11)(11,12)(12,10)
(2,1)(1,0)(0,2)(2,3)(3,6)(6,10)(10,7)(7,8)(8,9)(9,7)(7,2)(2,10)(10,12)(12,11)(11,10)
(2,1)(1,0)(0,2)(2,3)(3,6)(6,10)(10,7)(7,9)(9,8)(8,7)(7,2)(2,10)(10,11)(11,12)(12,10)
(2,1)(1,0)(0,2)(2,3)(3,6)(6,10)(10,7)(7,9)(9,8)(8,7)(7,2)(2,10)(10,12)(12,11)(11,10)
(2,1)(1,0)(0,2)(2,3)(3,6)(6,10)(10,11)(11,12)(12,10)(10,2)(2,7)(7,8)(8,9)(9,7)(7,10)
(2,1)(1,0)(0,2)(2,3)(3,6)(6,10)(10,11)(11,12)(12,10)(10,2)(2,7)(7,9)(9,8)(8,7)(7,10)
(2,1)(1,0)(0,2)(2,3)(3,6)(6,10)(10,11)(11,12)(12,10)(10,2)(2,7)(7,10)
(2,1)(1,0)(0,2)(2,3)(3,6)(6,10)(10,11)(11,12)(12,10)(10,7)(7,2)(2,10)
(2,1)(1,0)(0,2)(2,3)(3,6)(6,10)(10,11)(11,12)(12,10)(10,7)(7,8)(8,9)(9,7)(7,2)(2,10)
(2,1)(1,0)(0,2)(2,3)(3,6)(6,10)(10,11)(11,12)(12,10)(10,7)(7,9)(9,8)(8,7)(7,2)(2,10)
(2,1)(1,0)(0,2)(2,3)(3,6)(6,10)(10,12)(12,11)(11,10)(10,2)(2,7)(7,8)(8,9)(9,7)(7,10)
(2,1)(1,0)(0,2)(2,3)(3,6)(6,10)(10,12)(12,11)(11,10)(10,2)(2,7)(7,9)(9,8)(8,7)(7,10)
(2,1)(1,0)(0,2)(2,3)(3,6)(6,10)(10,12)(12,11)(11,10)(10,2)(2,7)(7,10)
(2,1)(1,0)(0,2)(2,3)(3,6)(6,10)(10,12)(12,11)(11,10)(10,7)(7,2)(2,10)
(2,1)(1,0)(0,2)(2,3)(3,6)(6,10)(10,12)(12,11)(11,10)(10,7)(7,8)(8,9)(9,7)(7,2)(2,10)
(2,1)(1,0)(0,2)(2,3)(3,6)(6,10)(10,12)(12,11)(11,10)(10,7)(7,9)(9,8)(8,7)(7,2)(2,10)
(2,1)(1,0)(0,2)(2,7)(7,8)(8,9)(9,7)(7,10)(10,2)(2,3)(3,4)(4,5)(5,3)(3,6)(6,10)(10,11)(11,12)(12,10)
(2,1)(1,0)(0,2)(2,7)(7,8)(8,9)(9,7)(7,10)(10,2)(2,3)(3,4)(4,5)(5,3)(3,6)(6,10)(10,12)(12,11)(11,10)
(2,1)(1,0)(0,2)(2,7)(7,8)(8,9)(9,7)(7,10)(10,2)(2,3)(3,5)(5,4)(4,3)(3,6)(6,10)(10,11)(11,12)(12,10)
(2,1)(1,0)(0,2)(2,7)(7,8)(8,9)(9,7)(7,10)(10,2)(2,3)(3,5)(5,4)(4,3)(3,6)(6,10)(10,12)(12,11)(11,10)
(2,1)(1,0)(0,2)(2,7)(7,8)(8,9)(9,7)(7,10)(10,2)(2,3)(3,6)(6,10)(10,11)(11,12)(12,10)
(2,1)(1,0)(0,2)(2,7)(7,8)(8,9)(9,7)(7,10)(10,2)(2,3)(3,6)(6,10)(10,12)(12,11)(11,10)
(2,1)(1,0)(0,2)(2,7)(7,8)(8,9)(9,7)(7,10)(10,6)(6,3)(3,2)(2,10)(10,11)(11,12)(12,10)
(2,1)(1,0)(0,2)(2,7)(7,8)(8,9)(9,7)(7,10)(10,6)(6,3)(3,2)(2,10)(10,12)(12,11)(11,10)
(2,1)(1,0)(0,2)(2,7)(7,8)(8,9)(9,7)(7,10)(10,6)(6,3)(3,4)(4,5)(5,3)(3,2)(2,10)(10,11)(11,12)(12,10)
(2,1)(1,0)(0,2)(2,7)(7,8)(8,9)(9,7)(7,10)(10,6)(6,3)(3,4)(4,5)(5,3)(3,2)(2,10)(10,12)(12,11)(11,10)
(2,1)(1,0)(0,2)(2,7)(7,8)(8,9)(9,7)(7,10)(10,6)(6,3)(3,5)(5,4)(4,3)(3,2)(2,10)(10,11)(11,12)(12,10)
(2,1)(1,0)(0,2)(2,7)(7,8)(8,9)(9,7)(7,10)(10,6)(6,3)(3,5)(5,4)(4,3)(3,2)(2,10)(10,12)(12,11)(11,10)
(2,1)(1,0)(0,2)(2,7)(7,8)(8,9)(9,7)(7,10)(10,11)(11,12)(12,10)(10,2)(2,3)(3,4)(4,5)(5,3)(3,6)(6,10)
(2,1)(1,0)(0,2)(2,7)(7,8)(8,9)(9,7)(7,10)(10,11)(11,12)(12,10)(10,2)(2,3)(3,5)(5,4)(4,3)(3,6)(6,10)
(2,1)(1,0)(0,2)(2,7)(7,8)(8,9)(9,7)(7,10)(10,11)(11,12)(12,10)(10,2)(2,3)(3,6)(6,10)
(2,1)(1,0)(0,2)(2,7)(7,8)(8,9)(9,7)(7,10)(10,11)(11,12)(12,10)(10,6)(6,3)(3,2)(2,10)
(2,1)(1,0)(0,2)(2,7)(7,8)(8,9)(9,7)(7,10)(10,11)(11,12)(12,10)(10,6)(6,3)(3,4)(4,5)(5,3)(3,2)(2,10)
(2,1)(1,0)(0,2)(2,7)(7,8)(8,9)(9,7)(7,10)(10,11)(11,12)(12,10)(10,6)(6,3)(3,5)(5,4)(4,3)(3,2)(2,10)
(2,1)(1,0)(0,2)(2,7)(7,8)(8,9)(9,7)(7,10)(10,12)(12,11)(11,10)(10,2)(2,3)(3,4)(4,5)(5,3)(3,6)(6,10)
(2,1)(1,0)(0,2)(2,7)(7,8)(8,9)(9,7)(7,10)(10,12)(12,11)(11,10)(10,2)(2,3)(3,5)(5,4)(4,3)(3,6)(6,10)
(2,1)(1,0)(0,2)(2,7)(7,8)(8,9)(9,7)(7,10)(10,12)(12,11)(11,10)(10,2)(2,3)(3,6)(6,10)
(2,1)(1,0)(0,2)(2,7)(7,8)(8,9)(9,7)(7,10)(10,12)(12,11)(11,10)(10,6)(6,3)(3,2)(2,10)
(2,1)(1,0)(0,2)(2,7)(7,8)(8,9)(9,7)(7,10)(10,12)(12,11)(11,10)(10,6)(6,3)(3,4)(4,5)(5,3)(3,2)(2,10)
(2,1)(1,0)(0,2)(2,7)(7,8)(8,9)(9,7)(7,10)(10,12)(12,11)(11,10)(10,6)(6,3)(3,5)(5,4)(4,3)(3,2)(2,10)
(2,1)(1,0)(0,2)(2,7)(7,9)(9,8)(8,7)(7,10)(10,2)(2,3)(3,4)(4,5)(5,3)(3,6)(6,10)(10,11)(11,12)(12,10)
(2,1)(1,0)(0,2)(2,7)(7,9)(9,8)(8,7)(7,10)(10,2)(2,3)(3,4)(4,5)(5,3)(3,6)(6,10)(10,12)(12,11)(11,10)
(2,1)(1,0)(0,2)(2,7)(7,9)(9,8)(8,7)(7,10)(10,2)(2,3)(3,5)(5,4)(4,3)(3,6)(6,10)(10,11)(11,12)(12,10)
(2,1)(1,0)(0,2)(2,7)(7,9)(9,8)(8,7)(7,10)(10,2)(2,3)(3,5)(5,4)(4,3)(3,6)(6,10)(10,12)(12,11)(11,10)
(2,1)(1,0)(0,2)(2,7)(7,9)(9,8)(8,7)(7,10)(10,2)(2,3)(3,6)(6,10)(10,11)(11,12)(12,10)
(2,1)(1,0)(0,2)(2,7)(7,9)(9,8)(8,7)(7,10)(10,2)(2,3)(3,6)(6,10)(10,12)(12,11)(11,10)
(2,1)(1,0)(0,2)(2,7)(7,9)(9,8)(8,7)(7,10)(10,6)(6,3)(3,2)(2,10)(10,11)(11,12)(12,10)
(2,1)(1,0)(0,2)(2,7)(7,9)(9,8)(8,7)(7,10)(10,6)(6,3)(3,2)(2,10)(10,12)(12,11)(11,10)
(2,1)(1,0)(0,2)(2,7)(7,9)(9,8)(8,7)(7,10)(10,6)(6,3)(3,4)(4,5)(5,3)(3,2)(2,10)(10,11)(11,12)(12,10)
(2,1)(1,0)(0,2)(2,7)(7,9)(9,8)(8,7)(7,10)(10,6)(6,3)(3,4)(4,5)(5,3)(3,2)(2,10)(10,12)(12,11)(11,10)
(2,1)(1,0)(0,2)(2,7)(7,9)(9,8)(8,7)(7,10)(10,6)(6,3)(3,5)(5,4)(4,3)(3,2)(2,10)(10,11)(11,12)(12,10)
(2,1)(1,0)(0,2)(2,7)(7,9)(9,8)(8,7)(7,10)(10,6)(6,3)(3,5)(5,4)(4,3)(3,2)(2,10)(10,12)(12,11)(11,10)
(2,1)(1,0)(0,2)(2,7)(7,9)(9,8)(8,7)(7,10)(10,11)(11,12)(12,10)(10,2)(2,3)(3,4)(4,5)(5,3)(3,6)(6,10)
(2,1)(1,0)(0,2)(2,7)(7,9)(9,8)(8,7)(7,10)(10,11)(11,12)(12,10)(10,2)(2,3)(3,5)(5,4)(4,3)(3,6)(6,10)
(2,1)(1,0)(0,2)(2,7)(7,9)(9,8)(8,7)(7,10)(10,11)(11,12)(12,10)(10,2)(2,3)(3,6)(6,10)
(2,1)(1,0)(0,2)(2,7)(7,9)(9,8)(8,7)(7,10)(10,11)(11,12)(12,10)(10,6)(6,3)(3,2)(2,10)
(2,1)(1,0)(0,2)(2,7)(7,9)(9,8)(8,7)(7,10)(10,11)(11,12)(12,10)(10,6)(6,3)(3,4)(4,5)(5,3)(3,2)(2,10)
(2,1)(1,0)(0,2)(2,7)(7,9)(9,8)(8,7)(7,10)(10,11)(11,12)(12,10)(10,6)(6,3)(3,5)(5,4)(4,3)(3,2)(2,10)
(2,1)(1,0)(0,2)(2,7)(7,9)(9,8)(8,7)(7,10)(10,12)(12,11)(11,10)(10,2)(2,3)(3,4)(4,5)(5,3)(3,6)(6,10)
(2,1)(1,0)(0,2)(2,7)(7,9)(9,8)(8,7)(7,10)(10,12)(12,11)(11,10)(10,2)(2,3)(3,5)(5,4)(4,3)(3,6)(6,10)
(2,1)(1,0)(0,2)(2,7)(7,9)(9,8)(8,7)(7,10)(10,12)(12,11)(11,10)(10,2)(2,3)(3,6)(6,10)
(2,1)(1,0)(0,2)(2,7)(7,9)(9,8)(8,7)(7,10)(10,12)(12,11)(11,10)(10,6)(6,3)(3,2)(2,10)
(2,1)(1,0)(0,2)(2,7)(7,9)(9,8)(8,7)(7,10)(10,12)(12,11)(11,10)(10,6)(6,3)(3,4)(4,5)(5,3)(3,2)(2,10)
(2,1)(1,0)(0,2)(2,7)(7,9)(9,8)(8,7)(7,10)(10,12)(12,11)(11,10)(10,6)(6,3)(3,5)(5,4)(4,3)(3,2)(2,10)
(2,1)(1,0)(0,2)(2,7)(7,10)(10,2)(2,3)(3,4)(4,5)(5,3)(3,6)(6,10)(10,11)(11,12)(12,10)
(2,1)(1,0)(0,2)(2,7)(7,10)(10,2)(2,3)(3,4)(4,5)(5,3)(3,6)(6,10)(10,12)(12,11)(11,10)
(2,1)(1,0)(0,2)(2,7)(7,10)(10,2)(2,3)(3,5)(5,4)(4,3)(3,6)(6,10)(10,11)(11,12)(12,10)
(2,1)(1,0)(0,2)(2,7)(7,10)(10,2)(2,3)(3,5)(5,4)(4,3)(3,6)(6,10)(10,12)(12,11)(11,10)
(2,1)(1,0)(0,2)(2,7)(7,10)(10,2)(2,3)(3,6)(6,10)(10,11)(11,12)(12,10)
(2,1)(1,0)(0,2)(2,7)(7,10)(10,2)(2,3)(3,6)(6,10)(10,12)(12,11)(11,10)
(2,1)(1,0)(0,2)(2,7)(7,10)(10,6)(6,3)(3,2)(2,10)(10,11)(11,12)(12,10)
(2,1)(1,0)(0,2)(2,7)(7,10)(10,6)(6,3)(3,2)(2,10)(10,12)(12,11)(11,10)
(2,1)(1,0)(0,2)(2,7)(7,10)(10,6)(6,3)(3,4)(4,5)(5,3)(3,2)(2,10)(10,11)(11,12)(12,10)
(2,1)(1,0)(0,2)(2,7)(7,10)(10,6)(6,3)(3,4)(4,5)(5,3)(3,2)(2,10)(10,12)(12,11)(11,10)
(2,1)(1,0)(0,2)(2,7)(7,10)(10,6)(6,3)(3,5)(5,4)(4,3)(3,2)(2,10)(10,11)(11,12)(12,10)
(2,1)(1,0)(0,2)(2,7)(7,10)(10,6)(6,3)(3,5)(5,4)(4,3)(3,2)(2,10)(10,12)(12,11)(11,10)
(2,1)(1,0)(0,2)(2,7)(7,10)(10,11)(11,12)(12,10)(10,2)(2,3)(3,4)(4,5)(5,3)(3,6)(6,10)
(2,1)(1,0)(0,2)(2,7)(7,10)(10,11)(11,12)(12,10)(10,2)(2,3)(3,5)(5,4)(4,3)(3,6)(6,10)
(2,1)(1,0)(0,2)(2,7)(7,10)(10,11)(11,12)(12,10)(10,2)(2,3)(3,6)(6,10)
(2,1)(1,0)(0,2)(2,7)(7,10)(10,11)(11,12)(12,10)(10,6)(6,3)(3,2)(2,10)
(2,1)(1,0)(0,2)(2,7)(7,10)(10,11)(11,12)(12,10)(10,6)(6,3)(3,4)(4,5)(5,3)(3,2)(2,10)
(2,1)(1,0)(0,2)(2,7)(7,10)(10,11)(11,12)(12,10)(10,6)(6,3)(3,5)(5,4)(4,3)(3,2)(2,10)
(2,1)(1,0)(0,2)(2,7)(7,10)(10,12)(12,11)(11,10)(10,2)(2,3)(3,4)(4,5)(5,3)(3,6)(6,10)
(2,1)(1,0)(0,2)(2,7)(7,10)(10,12)(12,11)(11,10)(10,2)(2,3)(3,5)(5,4)(4,3)(3,6)(6,10)
(2,1)(1,0)(0,2)(2,7)(7,10)(10,12)(12,11)(11,10)(10,2)(2,3)(3,6)(6,10)
(2,1)(1,0)(0,2)(2,7)(7,10)(10,12)(12,11)(11,10)(10,6)(6,3)(3,2)(2,10)
(2,1)(1,0)(0,2)(2,7)(7,10)(10,12)(12,11)(11,10)(10,6)(6,3)(3,4)(4,5)(5,3)(3,2)(2,10)
(2,1)(1,0)(0,2)(2,7)(7,10)(10,12)(12,11)(11,10)(10,6)(6,3)(3,5)(5,4)(4,3)(3,2)(2,10)
(2,1)(1,0)(0,2)(2,10)(10,6)(6,3)(3,2)(2,7)(7,8)(8,9)(9,7)(7,10)(10,11)(11,12)(12,10)
(2,1)(1,0)(0,2)(2,10)(10,6)(6,3)(3,2)(2,7)(7,8)(8,9)(9,7)(7,10)(10,12)(12,11)(11,10)
(2,1)(1,0)(0,2)(2,10)(10,6)(6,3)(3,2)(2,7)(7,9)(9,8)(8,7)(7,10)(10,11)(11,12)(12,10)
(2,1)(1,0)(0,2)(2,10)(10,6)(6,3)(3,2)(2,7)(7,9)(9,8)(8,7)(7,10)(10,12)(12,11)(11,10)
(2,1)(1,0)(0,2)(2,10)(10,6)(6,3)(3,2)(2,7)(7,10)(10,11)(11,12)(12,10)
(2,1)(1,0)(0,2)(2,10)(10,6)(6,3)(3,2)(2,7)(7,10)(10,12)(12,11)(11,10)
(2,1)(1,0)(0,2)(2,10)(10,6)(6,3)(3,4)(4,5)(5,3)(3,2)(2,7)(7,8)(8,9)(9,7)(7,10)(10,11)(11,12)(12,10)
(2,1)(1,0)(0,2)(2,10)(10,6)(6,3)(3,4)(4,5)(5,3)(3,2)(2,7)(7,8)(8,9)(9,7)(7,10)(10,12)(12,11)(11,10)
(2,1)(1,0)(0,2)(2,10)(10,6)(6,3)(3,4)(4,5)(5,3)(3,2)(2,7)(7,9)(9,8)(8,7)(7,10)(10,11)(11,12)(12,10)
(2,1)(1,0)(0,2)(2,10)(10,6)(6,3)(3,4)(4,5)(5,3)(3,2)(2,7)(7,9)(9,8)(8,7)(7,10)(10,12)(12,11)(11,10)
(2,1)(1,0)(0,2)(2,10)(10,6)(6,3)(3,4)(4,5)(5,3)(3,2)(2,7)(7,10)(10,11)(11,12)(12,10)
(2,1)(1,0)(0,2)(2,10)(10,6)(6,3)(3,4)(4,5)(5,3)(3,2)(2,7)(7,10)(10,12)(12,11)(11,10)
(2,1)(1,0)(0,2)(2,10)(10,6)(6,3)(3,5)(5,4)(4,3)(3,2)(2,7)(7,8)(8,9)(9,7)(7,10)(10,11)(11,12)(12,10)
(2,1)(1,0)(0,2)(2,10)(10,6)(6,3)(3,5)(5,4)(4,3)(3,2)(2,7)(7,8)(8,9)(9,7)(7,10)(10,12)(12,11)(11,10)
(2,1)(1,0)(0,2)(2,10)(10,6)(6,3)(3,5)(5,4)(4,3)(3,2)(2,7)(7,9)(9,8)(8,7)(7,10)(10,11)(11,12)(12,10)
(2,1)(1,0)(0,2)(2,10)(10,6)(6,3)(3,5)(5,4)(4,3)(3,2)(2,7)(7,9)(9,8)(8,7)(7,10)(10,12)(12,11)(11,10)
(2,1)(1,0)(0,2)(2,10)(10,6)(6,3)(3,5)(5,4)(4,3)(3,2)(2,7)(7,10)(10,11)(11,12)(12,10)
(2,1)(1,0)(0,2)(2,10)(10,6)(6,3)(3,5)(5,4)(4,3)(3,2)(2,7)(7,10)(10,12)(12,11)(11,10)
(2,1)(1,0)(0,2)(2,10)(10,7)(7,2)(2,3)(3,4)(4,5)(5,3)(3,6)(6,10)(10,11)(11,12)(12,10)
(2,1)(1,0)(0,2)(2,10)(10,7)(7,2)(2,3)(3,4)(4,5)(5,3)(3,6)(6,10)(10,12)(12,11)(11,10)
(2,1)(1,0)(0,2)(2,10)(10,7)(7,2)(2,3)(3,5)(5,4)(4,3)(3,6)(6,10)(10,11)(11,12)(12,10)
(2,1)(1,0)(0,2)(2,10)(10,7)(7,2)(2,3)(3,5)(5,4)(4,3)(3,6)(6,10)(10,12)(12,11)(11,10)
(2,1)(1,0)(0,2)(2,10)(10,7)(7,2)(2,3)(3,6)(6,10)(10,11)(11,12)(12,10)
(2,1)(1,0)(0,2)(2,10)(10,7)(7,2)(2,3)(3,6)(6,10)(10,12)(12,11)(11,10)
(2,1)(1,0)(0,2)(2,10)(10,7)(7,8)(8,9)(9,7)(7,2)(2,3)(3,4)(4,5)(5,3)(3,6)(6,10)(10,11)(11,12)(12,10)
(2,1)(1,0)(0,2)(2,10)(10,7)(7,8)(8,9)(9,7)(7,2)(2,3)(3,4)(4,5)(5,3)(3,6)(6,10)(10,12)(12,11)(11,10)
(2,1)(1,0)(0,2)(2,10)(10,7)(7,8)(8,9)(9,7)(7,2)(2,3)(3,5)(5,4)(4,3)(3,6)(6,10)(10,11)(11,12)(12,10)
(2,1)(1,0)(0,2)(2,10)(10,7)(7,8)(8,9)(9,7)(7,2)(2,3)(3,5)(5,4)(4,3)(3,6)(6,10)(10,12)(12,11)(11,10)
(2,1)(1,0)(0,2)(2,10)(10,7)(7,8)(8,9)(9,7)(7,2)(2,3)(3,6)(6,10)(10,11)(11,12)(12,10)
(2,1)(1,0)(0,2)(2,10)(10,7)(7,8)(8,9)(9,7)(7,2)(2,3)(3,6)(6,10)(10,12)(12,11)(11,10)
(2,1)(1,0)(0,2)(2,10)(10,7)(7,9)(9,8)(8,7)(7,2)(2,3)(3,4)(4,5)(5,3)(3,6)(6,10)(10,11)(11,12)(12,10)
(2,1)(1,0)(0,2)(2,10)(10,7)(7,9)(9,8)(8,7)(7,2)(2,3)(3,4)(4,5)(5,3)(3,6)(6,10)(10,12)(12,11)(11,10)
(2,1)(1,0)(0,2)(2,10)(10,7)(7,9)(9,8)(8,7)(7,2)(2,3)(3,5)(5,4)(4,3)(3,6)(6,10)(10,11)(11,12)(12,10)
(2,1)(1,0)(0,2)(2,10)(10,7)(7,9)(9,8)(8,7)(7,2)(2,3)(3,5)(5,4)(4,3)(3,6)(6,10)(10,12)(12,11)(11,10)
(2,1)(1,0)(0,2)(2,10)(10,7)(7,9)(9,8)(8,7)(7,2)(2,3)(3,6)(6,10)(10,11)(11,12)(12,10)
(2,1)(1,0)(0,2)(2,10)(10,7)(7,9)(9,8)(8,7)(7,2)(2,3)(3,6)(6,10)(10,12)(12,11)(11,10)
(2,1)(1,0)(0,2)(2,10)(10,11)(11,12)(12,10)(10,6)(6,3)(3,2)(2,7)(7,8)(8,9)(9,7)(7,10)
(2,1)(1,0)(0,2)(2,10)(10,11)(11,12)(12,10)(10,6)(6,3)(3,2)(2,7)(7,9)(9,8)(8,7)(7,10)
(2,1)(1,0)(0,2)(2,10)(10,11)(11,12)(12,10)(10,6)(6,3)(3,2)(2,7)(7,10)
(2,1)(1,0)(0,2)(2,10)(10,11)(11,12)(12,10)(10,6)(6,3)(3,4)(4,5)(5,3)(3,2)(2,7)(7,8)(8,9)(9,7)(7,10)
(2,1)(1,0)(0,2)(2,10)(10,11)(11,12)(12,10)(10,6)(6,3)(3,4)(4,5)(5,3)(3,2)(2,7)(7,9)(9,8)(8,7)(7,10)
(2,1)(1,0)(0,2)(2,10)(10,11)(11,12)(12,10)(10,6)(6,3)(3,4)(4,5)(5,3)(3,2)(2,7)(7,10)
(2,1)(1,0)(0,2)(2,10)(10,11)(11,12)(12,10)(10,6)(6,3)(3,5)(5,4)(4,3)(3,2)(2,7)(7,8)(8,9)(9,7)(7,10)
(2,1)(1,0)(0,2)(2,10)(10,11)(11,12)(12,10)(10,6)(6,3)(3,5)(5,4)(4,3)(3,2)(2,7)(7,9)(9,8)(8,7)(7,10)
(2,1)(1,0)(0,2)(2,10)(10,11)(11,12)(12,10)(10,6)(6,3)(3,5)(5,4)(4,3)(3,2)(2,7)(7,10)
(2,1)(1,0)(0,2)(2,10)(10,11)(11,12)(12,10)(10,7)(7,2)(2,3)(3,4)(4,5)(5,3)(3,6)(6,10)
(2,1)(1,0)(0,2)(2,10)(10,11)(11,12)(12,10)(10,7)(7,2)(2,3)(3,5)(5,4)(4,3)(3,6)(6,10)
(2,1)(1,0)(0,2)(2,10)(10,11)(11,12)(12,10)(10,7)(7,2)(2,3)(3,6)(6,10)
(2,1)(1,0)(0,2)(2,10)(10,11)(11,12)(12,10)(10,7)(7,8)(8,9)(9,7)(7,2)(2,3)(3,4)(4,5)(5,3)(3,6)(6,10)
(2,1)(1,0)(0,2)(2,10)(10,11)(11,12)(12,10)(10,7)(7,8)(8,9)(9,7)(7,2)(2,3)(3,5)(5,4)(4,3)(3,6)(6,10)
(2,1)(1,0)(0,2)(2,10)(10,11)(11,12)(12,10)(10,7)(7,8)(8,9)(9,7)(7,2)(2,3)(3,6)(6,10)
(2,1)(1,0)(0,2)(2,10)(10,11)(11,12)(12,10)(10,7)(7,9)(9,8)(8,7)(7,2)(2,3)(3,4)(4,5)(5,3)(3,6)(6,10)
(2,1)(1,0)(0,2)(2,10)(10,11)(11,12)(12,10)(10,7)(7,9)(9,8)(8,7)(7,2)(2,3)(3,5)(5,4)(4,3)(3,6)(6,10)
(2,1)(1,0)(0,2)(2,10)(10,11)(11,12)(12,10)(10,7)(7,9)(9,8)(8,7)(7,2)(2,3)(3,6)(6,10)
(2,1)(1,0)(0,2)(2,10)(10,12)(12,11)(11,10)(10,6)(6,3)(3,2)(2,7)(7,8)(8,9)(9,7)(7,10)
(2,1)(1,0)(0,2)(2,10)(10,12)(12,11)(11,10)(10,6)(6,3)(3,2)(2,7)(7,9)(9,8)(8,7)(7,10)
(2,1)(1,0)(0,2)(2,10)(10,12)(12,11)(11,10)(10,6)(6,3)(3,2)(2,7)(7,10)
(2,1)(1,0)(0,2)(2,10)(10,12)(12,11)(11,10)(10,6)(6,3)(3,4)(4,5)(5,3)(3,2)(2,7)(7,8)(8,9)(9,7)(7,10)
(2,1)(1,0)(0,2)(2,10)(10,12)(12,11)(11,10)(10,6)(6,3)(3,4)(4,5)(5,3)(3,2)(2,7)(7,9)(9,8)(8,7)(7,10)
(2,1)(1,0)(0,2)(2,10)(10,12)(12,11)(11,10)(10,6)(6,3)(3,4)(4,5)(5,3)(3,2)(2,7)(7,10)
(2,1)(1,0)(0,2)(2,10)(10,12)(12,11)(11,10)(10,6)(6,3)(3,5)(5,4)(4,3)(3,2)(2,7)(7,8)(8,9)(9,7)(7,10)
(2,1)(1,0)(0,2)(2,10)(10,12)(12,11)(11,10)(10,6)(6,3)(3,5)(5,4)(4,3)(3,2)(2,7)(7,9)(9,8)(8,7)(7,10)
(2,1)(1,0)(0,2)(2,10)(10,12)(12,11)(11,10)(10,6)(6,3)(3,5)(5,4)(4,3)(3,2)(2,7)(7,10)
(2,1)(1,0)(0,2)(2,10)(10,12)(12,11)(11,10)(10,7)(7,2)(2,3)(3,4)(4,5)(5,3)(3,6)(6,10)
(2,1)(1,0)(0,2)(2,10)(10,12)(12,11)(11,10)(10,7)(7,2)(2,3)(3,5)(5,4)(4,3)(3,6)(6,10)
(2,1)(1,0)(0,2)(2,10)(10,12)(12,11)(11,10)(10,7)(7,2)(2,3)(3,6)(6,10)
(2,1)(1,0)(0,2)(2,10)(10,12)(12,11)(11,10)(10,7)(7,8)(8,9)(9,7)(7,2)(2,3)(3,4)(4,5)(5,3)(3,6)(6,10)
(2,1)(1,0)(0,2)(2,10)(10,12)(12,11)(11,10)(10,7)(7,8)(8,9)(9,7)(7,2)(2,3)(3,5)(5,4)(4,3)(3,6)(6,10)
(2,1)(1,0)(0,2)(2,10)(10,12)(12,11)(11,10)(10,7)(7,8)(8,9)(9,7)(7,2)(2,3)(3,6)(6,10)
(2,1)(1,0)(0,2)(2,10)(10,12)(12,11)(11,10)(10,7)(7,9)(9,8)(8,7)(7,2)(2,3)(3,4)(4,5)(5,3)(3,6)(6,10)
(2,1)(1,0)(0,2)(2,10)(10,12)(12,11)(11,10)(10,7)(7,9)(9,8)(8,7)(7,2)(2,3)(3,5)(5,4)(4,3)(3,6)(6,10)
(2,1)(1,0)(0,2)(2,10)(10,12)(12,11)(11,10)(10,7)(7,9)(9,8)(8,7)(7,2)(2,3)(3,6)(6,10)
(2,3)(3,4)(4,5)(5,3)(3,6)(6,10)(10,2)(2,0)(0,1)(1,2)(2,7)(7,8)(8,9)(9,7)(7,10)(10,11)(11,12)(12,10)
(2,3)(3,4)(4,5)(5,3)(3,6)(6,10)(10,2)(2,0)(0,1)(1,2)(2,7)(7,8)(8,9)(9,7)(7,10)(10,12)(12,11)(11,10)
(2,3)(3,4)(4,5)(5,3)(3,6)(6,10)(10,2)(2,0)(0,1)(1,2)(2,7)(7,9)(9,8)(8,7)(7,10)(10,11)(11,12)(12,10)
(2,3)(3,4)(4,5)(5,3)(3,6)(6,10)(10,2)(2,0)(0,1)(1,2)(2,7)(7,9)(9,8)(8,7)(7,10)(10,12)(12,11)(11,10)
(2,3)(3,4)(4,5)(5,3)(3,6)(6,10)(10,2)(2,0)(0,1)(1,2)(2,7)(7,10)(10,11)(11,12)(12,10)
(2,3)(3,4)(4,5)(5,3)(3,6)(6,10)(10,2)(2,0)(0,1)(1,2)(2,7)(7,10)(10,12)(12,11)(11,10)
(2,3)(3,4)(4,5)(5,3)(3,6)(6,10)(10,2)(2,1)(1,0)(0,2)(2,7)(7,8)(8,9)(9,7)(7,10)(10,11)(11,12)(12,10)
(2,3)(3,4)(4,5)(5,3)(3,6)(6,10)(10,2)(2,1)(1,0)(0,2)(2,7)(7,8)(8,9)(9,7)(7,10)(10,12)(12,11)(11,10)
(2,3)(3,4)(4,5)(5,3)(3,6)(6,10)(10,2)(2,1)(1,0)(0,2)(2,7)(7,9)(9,8)(8,7)(7,10)(10,11)(11,12)(12,10)
(2,3)(3,4)(4,5)(5,3)(3,6)(6,10)(10,2)(2,1)(1,0)(0,2)(2,7)(7,9)(9,8)(8,7)(7,10)(10,12)(12,11)(11,10)
(2,3)(3,4)(4,5)(5,3)(3,6)(6,10)(10,2)(2,1)(1,0)(0,2)(2,7)(7,10)(10,11)(11,12)(12,10)
(2,3)(3,4)(4,5)(5,3)(3,6)(6,10)(10,2)(2,1)(1,0)(0,2)(2,7)(7,10)(10,12)(12,11)(11,10)
(2,3)(3,4)(4,5)(5,3)(3,6)(6,10)(10,2)(2,7)(7,8)(8,9)(9,7)(7,10)(10,11)(11,12)(12,10)
(2,3)(3,4)(4,5)(5,3)(3,6)(6,10)(10,2)(2,7)(7,8)(8,9)(9,7)(7,10)(10,12)(12,11)(11,10)
(2,3)(3,4)(4,5)(5,3)(3,6)(6,10)(10,2)(2,7)(7,9)(9,8)(8,7)(7,10)(10,11)(11,12)(12,10)
(2,3)(3,4)(4,5)(5,3)(3,6)(6,10)(10,2)(2,7)(7,9)(9,8)(8,7)(7,10)(10,12)(12,11)(11,10)
(2,3)(3,4)(4,5)(5,3)(3,6)(6,10)(10,2)(2,7)(7,10)(10,11)(11,12)(12,10)
(2,3)(3,4)(4,5)(5,3)(3,6)(6,10)(10,2)(2,7)(7,10)(10,12)(12,11)(11,10)
(2,3)(3,4)(4,5)(5,3)(3,6)(6,10)(10,7)(7,2)(2,0)(0,1)(1,2)(2,10)(10,11)(11,12)(12,10)
(2,3)(3,4)(4,5)(5,3)(3,6)(6,10)(10,7)(7,2)(2,0)(0,1)(1,2)(2,10)(10,12)(12,11)(11,10)
(2,3)(3,4)(4,5)(5,3)(3,6)(6,10)(10,7)(7,2)(2,1)(1,0)(0,2)(2,10)(10,11)(11,12)(12,10)
(2,3)(3,4)(4,5)(5,3)(3,6)(6,10)(10,7)(7,2)(2,1)(1,0)(0,2)(2,10)(10,12)(12,11)(11,10)
(2,3)(3,4)(4,5)(5,3)(3,6)(6,10)(10,7)(7,2)(2,10)(10,11)(11,12)(12,10)
(2,3)(3,4)(4,5)(5,3)(3,6)(6,10)(10,7)(7,2)(2,10)(10,12)(12,11)(11,10)
(2,3)(3,4)(4,5)(5,3)(3,6)(6,10)(10,7)(7,8)(8,9)(9,7)(7,2)(2,0)(0,1)(1,2)(2,10)(10,11)(11,12)(12,10)
(2,3)(3,4)(4,5)(5,3)(3,6)(6,10)(10,7)(7,8)(8,9)(9,7)(7,2)(2,0)(0,1)(1,2)(2,10)(10,12)(12,11)(11,10)
(2,3)(3,4)(4,5)(5,3)(3,6)(6,10)(10,7)(7,8)(8,9)(9,7)(7,2)(2,1)(1,0)(0,2)(2,10)(10,11)(11,12)(12,10)
(2,3)(3,4)(4,5)(5,3)(3,6)(6,10)(10,7)(7,8)(8,9)(9,7)(7,2)(2,1)(1,0)(0,2)(2,10)(10,12)(12,11)(11,10)
(2,3)(3,4)(4,5)(5,3)(3,6)(6,10)(10,7)(7,8)(8,9)(9,7)(7,2)(2,10)(10,11)(11,12)(12,10)
(2,3)(3,4)(4,5)(5,3)(3,6)(6,10)(10,7)(7,8)(8,9)(9,7)(7,2)(2,10)(10,12)(12,11)(11,10)
(2,3)(3,4)(4,5)(5,3)(3,6)(6,10)(10,7)(7,9)(9,8)(8,7)(7,2)(2,0)(0,1)(1,2)(2,10)(10,11)(11,12)(12,10)
(2,3)(3,4)(4,5)(5,3)(3,6)(6,10)(10,7)(7,9)(9,8)(8,7)(7,2)(2,0)(0,1)(1,2)(2,10)(10,12)(12,11)(11,10)
(2,3)(3,4)(4,5)(5,3)(3,6)(6,10)(10,7)(7,9)(9,8)(8,7)(7,2)(2,1)(1,0)(0,2)(2,10)(10,11)(11,12)(12,10)
(2,3)(3,4)(4,5)(5,3)(3,6)(6,10)(10,7)(7,9)(9,8)(8,7)(7,2)(2,1)(1,0)(0,2)(2,10)(10,12)(12,11)(11,10)
(2,3)(3,4)(4,5)(5,3)(3,6)(6,10)(10,7)(7,9)(9,8)(8,7)(7,2)(2,10)(10,11)(11,12)(12,10)
(2,3)(3,4)(4,5)(5,3)(3,6)(6,10)(10,7)(7,9)(9,8)(8,7)(7,2)(2,10)(10,12)(12,11)(11,10)
(2,3)(3,4)(4,5)(5,3)(3,6)(6,10)(10,11)(11,12)(12,10)(10,2)(2,0)(0,1)(1,2)(2,7)(7,8)(8,9)(9,7)(7,10)
(2,3)(3,4)(4,5)(5,3)(3,6)(6,10)(10,11)(11,12)(12,10)(10,2)(2,0)(0,1)(1,2)(2,7)(7,9)(9,8)(8,7)(7,10)
(2,3)(3,4)(4,5)(5,3)(3,6)(6,10)(10,11)(11,12)(12,10)(10,2)(2,0)(0,1)(1,2)(2,7)(7,10)
(2,3)(3,4)(4,5)(5,3)(3,6)(6,10)(10,11)(11,12)(12,10)(10,2)(2,1)(1,0)(0,2)(2,7)(7,8)(8,9)(9,7)(7,10)
(2,3)(3,4)(4,5)(5,3)(3,6)(6,10)(10,11)(11,12)(12,10)(10,2)(2,1)(1,0)(0,2)(2,7)(7,9)(9,8)(8,7)(7,10)
(2,3)(3,4)(4,5)(5,3)(3,6)(6,10)(10,11)(11,12)(12,10)(10,2)(2,1)(1,0)(0,2)(2,7)(7,10)
(2,3)(3,4)(4,5)(5,3)(3,6)(6,10)(10,11)(11,12)(12,10)(10,2)(2,7)(7,8)(8,9)(9,7)(7,10)
(2,3)(3,4)(4,5)(5,3)(3,6)(6,10)(10,11)(11,12)(12,10)(10,2)(2,7)(7,9)(9,8)(8,7)(7,10)
(2,3)(3,4)(4,5)(5,3)(3,6)(6,10)(10,11)(11,12)(12,10)(10,2)(2,7)(7,10)
(2,3)(3,4)(4,5)(5,3)(3,6)(6,10)(10,11)(11,12)(12,10)(10,7)(7,2)(2,0)(0,1)(1,2)(2,10)
(2,3)(3,4)(4,5)(5,3)(3,6)(6,10)(10,11)(11,12)(12,10)(10,7)(7,2)(2,1)(1,0)(0,2)(2,10)
(2,3)(3,4)(4,5)(5,3)(3,6)(6,10)(10,11)(11,12)(12,10)(10,7)(7,2)(2,10)
(2,3)(3,4)(4,5)(5,3)(3,6)(6,10)(10,11)(11,12)(12,10)(10,7)(7,8)(8,9)(9,7)(7,2)(2,0)(0,1)(1,2)(2,10)
(2,3)(3,4)(4,5)(5,3)(3,6)(6,10)(10,11)(11,12)(12,10)(10,7)(7,8)(8,9)(9,7)(7,2)(2,1)(1,0)(0,2)(2,10)
(2,3)(3,4)(4,5)(5,3)(3,6)(6,10)(10,11)(11,12)(12,10)(10,7)(7,8)(8,9)(9,7)(7,2)(2,10)
(2,3)(3,4)(4,5)(5,3)(3,6)(6,10)(10,11)(11,12)(12,10)(10,7)(7,9)(9,8)(8,7)(7,2)(2,0)(0,1)(1,2)(2,10)
(2,3)(3,4)(4,5)(5,3)(3,6)(6,10)(10,11)(11,12)(12,10)(10,7)(7,9)(9,8)(8,7)(7,2)(2,1)(1,0)(0,2)(2,10)
(2,3)(3,4)(4,5)(5,3)(3,6)(6,10)(10,11)(11,12)(12,10)(10,7)(7,9)(9,8)(8,7)(7,2)(2,10)
(2,3)(3,4)(4,5)(5,3)(3,6)(6,10)(10,12)(12,11)(11,10)(10,2)(2,0)(0,1)(1,2)(2,7)(7,8)(8,9)(9,7)(7,10)
(2,3)(3,4)(4,5)(5,3)(3,6)(6,10)(10,12)(12,11)(11,10)(10,2)(2,0)(0,1)(1,2)(2,7)(7,9)(9,8)(8,7)(7,10)
(2,3)(3,4)(4,5)(5,3)(3,6)(6,10)(10,12)(12,11)(11,10)(10,2)(2,0)(0,1)(1,2)(2,7)(7,10)
(2,3)(3,4)(4,5)(5,3)(3,6)(6,10)(10,12)(12,11)(11,10)(10,2)(2,1)(1,0)(0,2)(2,7)(7,8)(8,9)(9,7)(7,10)
(2,3)(3,4)(4,5)(5,3)(3,6)(6,10)(10,12)(12,11)(11,10)(10,2)(2,1)(1,0)(0,2)(2,7)(7,9)(9,8)(8,7)(7,10)
(2,3)(3,4)(4,5)(5,3)(3,6)(6,10)(10,12)(12,11)(11,10)(10,2)(2,1)(1,0)(0,2)(2,7)(7,10)
(2,3)(3,4)(4,5)(5,3)(3,6)(6,10)(10,12)(12,11)(11,10)(10,2)(2,7)(7,8)(8,9)(9,7)(7,10)
(2,3)(3,4)(4,5)(5,3)(3,6)(6,10)(10,12)(12,11)(11,10)(10,2)(2,7)(7,9)(9,8)(8,7)(7,10)
(2,3)(3,4)(4,5)(5,3)(3,6)(6,10)(10,12)(12,11)(11,10)(10,2)(2,7)(7,10)
(2,3)(3,4)(4,5)(5,3)(3,6)(6,10)(10,12)(12,11)(11,10)(10,7)(7,2)(2,0)(0,1)(1,2)(2,10)
(2,3)(3,4)(4,5)(5,3)(3,6)(6,10)(10,12)(12,11)(11,10)(10,7)(7,2)(2,1)(1,0)(0,2)(2,10)
(2,3)(3,4)(4,5)(5,3)(3,6)(6,10)(10,12)(12,11)(11,10)(10,7)(7,2)(2,10)
(2,3)(3,4)(4,5)(5,3)(3,6)(6,10)(10,12)(12,11)(11,10)(10,7)(7,8)(8,9)(9,7)(7,2)(2,0)(0,1)(1,2)(2,10)
(2,3)(3,4)(4,5)(5,3)(3,6)(6,10)(10,12)(12,11)(11,10)(10,7)(7,8)(8,9)(9,7)(7,2)(2,1)(1,0)(0,2)(2,10)
(2,3)(3,4)(4,5)(5,3)(3,6)(6,10)(10,12)(12,11)(11,10)(10,7)(7,8)(8,9)(9,7)(7,2)(2,10)
(2,3)(3,4)(4,5)(5,3)(3,6)(6,10)(10,12)(12,11)(11,10)(10,7)(7,9)(9,8)(8,7)(7,2)(2,0)(0,1)(1,2)(2,10)
(2,3)(3,4)(4,5)(5,3)(3,6)(6,10)(10,12)(12,11)(11,10)(10,7)(7,9)(9,8)(8,7)(7,2)(2,1)(1,0)(0,2)(2,10)
(2,3)(3,4)(4,5)(5,3)(3,6)(6,10)(10,12)(12,11)(11,10)(10,7)(7,9)(9,8)(8,7)(7,2)(2,10)
(2,3)(3,5)(5,4)(4,3)(3,6)(6,10)(10,2)(2,0)(0,1)(1,2)(2,7)(7,8)(8,9)(9,7)(7,10)(10,11)(11,12)(12,10)
(2,3)(3,5)(5,4)(4,3)(3,6)(6,10)(10,2)(2,0)(0,1)(1,2)(2,7)(7,8)(8,9)(9,7)(7,10)(10,12)(12,11)(11,10)
(2,3)(3,5)(5,4)(4,3)(3,6)(6,10)(10,2)(2,0)(0,1)(1,2)(2,7)(7,9)(9,8)(8,7)(7,10)(10,11)(11,12)(12,10)
(2,3)(3,5)(5,4)(4,3)(3,6)(6,10)(10,2)(2,0)(0,1)(1,2)(2,7)(7,9)(9,8)(8,7)(7,10)(10,12)(12,11)(11,10)
(2,3)(3,5)(5,4)(4,3)(3,6)(6,10)(10,2)(2,0)(0,1)(1,2)(2,7)(7,10)(10,11)(11,12)(12,10)
(2,3)(3,5)(5,4)(4,3)(3,6)(6,10)(10,2)(2,0)(0,1)(1,2)(2,7)(7,10)(10,12)(12,11)(11,10)
(2,3)(3,5)(5,4)(4,3)(3,6)(6,10)(10,2)(2,1)(1,0)(0,2)(2,7)(7,8)(8,9)(9,7)(7,10)(10,11)(11,12)(12,10)
(2,3)(3,5)(5,4)(4,3)(3,6)(6,10)(10,2)(2,1)(1,0)(0,2)(2,7)(7,8)(8,9)(9,7)(7,10)(10,12)(12,11)(11,10)
(2,3)(3,5)(5,4)(4,3)(3,6)(6,10)(10,2)(2,1)(1,0)(0,2)(2,7)(7,9)(9,8)(8,7)(7,10)(10,11)(11,12)(12,10)
(2,3)(3,5)(5,4)(4,3)(3,6)(6,10)(10,2)(2,1)(1,0)(0,2)(2,7)(7,9)(9,8)(8,7)(7,10)(10,12)(12,11)(11,10)
(2,3)(3,5)(5,4)(4,3)(3,6)(6,10)(10,2)(2,1)(1,0)(0,2)(2,7)(7,10)(10,11)(11,12)(12,10)
(2,3)(3,5)(5,4)(4,3)(3,6)(6,10)(10,2)(2,1)(1,0)(0,2)(2,7)(7,10)(10,12)(12,11)(11,10)
(2,3)(3,5)(5,4)(4,3)(3,6)(6,10)(10,2)(2,7)(7,8)(8,9)(9,7)(7,10)(10,11)(11,12)(12,10)
(2,3)(3,5)(5,4)(4,3)(3,6)(6,10)(10,2)(2,7)(7,8)(8,9)(9,7)(7,10)(10,12)(12,11)(11,10)
(2,3)(3,5)(5,4)(4,3)(3,6)(6,10)(10,2)(2,7)(7,9)(9,8)(8,7)(7,10)(10,11)(11,12)(12,10)
(2,3)(3,5)(5,4)(4,3)(3,6)(6,10)(10,2)(2,7)(7,9)(9,8)(8,7)(7,10)(10,12)(12,11)(11,10)
(2,3)(3,5)(5,4)(4,3)(3,6)(6,10)(10,2)(2,7)(7,10)(10,11)(11,12)(12,10)
(2,3)(3,5)(5,4)(4,3)(3,6)(6,10)(10,2)(2,7)(7,10)(10,12)(12,11)(11,10)
(2,3)(3,5)(5,4)(4,3)(3,6)(6,10)(10,7)(7,2)(2,0)(0,1)(1,2)(2,10)(10,11)(11,12)(12,10)
(2,3)(3,5)(5,4)(4,3)(3,6)(6,10)(10,7)(7,2)(2,0)(0,1)(1,2)(2,10)(10,12)(12,11)(11,10)
(2,3)(3,5)(5,4)(4,3)(3,6)(6,10)(10,7)(7,2)(2,1)(1,0)(0,2)(2,10)(10,11)(11,12)(12,10)
(2,3)(3,5)(5,4)(4,3)(3,6)(6,10)(10,7)(7,2)(2,1)(1,0)(0,2)(2,10)(10,12)(12,11)(11,10)
(2,3)(3,5)(5,4)(4,3)(3,6)(6,10)(10,7)(7,2)(2,10)(10,11)(11,12)(12,10)
(2,3)(3,5)(5,4)(4,3)(3,6)(6,10)(10,7)(7,2)(2,10)(10,12)(12,11)(11,10)
(2,3)(3,5)(5,4)(4,3)(3,6)(6,10)(10,7)(7,8)(8,9)(9,7)(7,2)(2,0)(0,1)(1,2)(2,10)(10,11)(11,12)(12,10)
(2,3)(3,5)(5,4)(4,3)(3,6)(6,10)(10,7)(7,8)(8,9)(9,7)(7,2)(2,0)(0,1)(1,2)(2,10)(10,12)(12,11)(11,10)
(2,3)(3,5)(5,4)(4,3)(3,6)(6,10)(10,7)(7,8)(8,9)(9,7)(7,2)(2,1)(1,0)(0,2)(2,10)(10,11)(11,12)(12,10)
(2,3)(3,5)(5,4)(4,3)(3,6)(6,10)(10,7)(7,8)(8,9)(9,7)(7,2)(2,1)(1,0)(0,2)(2,10)(10,12)(12,11)(11,10)
(2,3)(3,5)(5,4)(4,3)(3,6)(6,10)(10,7)(7,8)(8,9)(9,7)(7,2)(2,10)(10,11)(11,12)(12,10)
(2,3)(3,5)(5,4)(4,3)(3,6)(6,10)(10,7)(7,8)(8,9)(9,7)(7,2)(2,10)(10,12)(12,11)(11,10)
(2,3)(3,5)(5,4)(4,3)(3,6)(6,10)(10,7)(7,9)(9,8)(8,7)(7,2)(2,0)(0,1)(1,2)(2,10)(10,11)(11,12)(12,10)
(2,3)(3,5)(5,4)(4,3)(3,6)(6,10)(10,7)(7,9)(9,8)(8,7)(7,2)(2,0)(0,1)(1,2)(2,10)(10,12)(12,11)(11,10)
(2,3)(3,5)(5,4)(4,3)(3,6)(6,10)(10,7)(7,9)(9,8)(8,7)(7,2)(2,1)(1,0)(0,2)(2,10)(10,11)(11,12)(12,10)
(2,3)(3,5)(5,4)(4,3)(3,6)(6,10)(10,7)(7,9)(9,8)(8,7)(7,2)(2,1)(1,0)(0,2)(2,10)(10,12)(12,11)(11,10)
(2,3)(3,5)(5,4)(4,3)(3,6)(6,10)(10,7)(7,9)(9,8)(8,7)(7,2)(2,10)(10,11)(11,12)(12,10)
(2,3)(3,5)(5,4)(4,3)(3,6)(6,10)(10,7)(7,9)(9,8)(8,7)(7,2)(2,10)(10,12)(12,11)(11,10)
(2,3)(3,5)(5,4)(4,3)(3,6)(6,10)(10,11)(11,12)(12,10)(10,2)(2,0)(0,1)(1,2)(2,7)(7,8)(8,9)(9,7)(7,10)
(2,3)(3,5)(5,4)(4,3)(3,6)(6,10)(10,11)(11,12)(12,10)(10,2)(2,0)(0,1)(1,2)(2,7)(7,9)(9,8)(8,7)(7,10)
(2,3)(3,5)(5,4)(4,3)(3,6)(6,10)(10,11)(11,12)(12,10)(10,2)(2,0)(0,1)(1,2)(2,7)(7,10)
(2,3)(3,5)(5,4)(4,3)(3,6)(6,10)(10,11)(11,12)(12,10)(10,2)(2,1)(1,0)(0,2)(2,7)(7,8)(8,9)(9,7)(7,10)
(2,3)(3,5)(5,4)(4,3)(3,6)(6,10)(10,11)(11,12)(12,10)(10,2)(2,1)(1,0)(0,2)(2,7)(7,9)(9,8)(8,7)(7,10)
(2,3)(3,5)(5,4)(4,3)(3,6)(6,10)(10,11)(11,12)(12,10)(10,2)(2,1)(1,0)(0,2)(2,7)(7,10)
(2,3)(3,5)(5,4)(4,3)(3,6)(6,10)(10,11)(11,12)(12,10)(10,2)(2,7)(7,8)(8,9)(9,7)(7,10)
(2,3)(3,5)(5,4)(4,3)(3,6)(6,10)(10,11)(11,12)(12,10)(10,2)(2,7)(7,9)(9,8)(8,7)(7,10)
(2,3)(3,5)(5,4)(4,3)(3,6)(6,10)(10,11)(11,12)(12,10)(10,2)(2,7)(7,10)
(2,3)(3,5)(5,4)(4,3)(3,6)(6,10)(10,11)(11,12)(12,10)(10,7)(7,2)(2,0)(0,1)(1,2)(2,10)
(2,3)(3,5)(5,4)(4,3)(3,6)(6,10)(10,11)(11,12)(12,10)(10,7)(7,2)(2,1)(1,0)(0,2)(2,10)
(2,3)(3,5)(5,4)(4,3)(3,6)(6,10)(10,11)(11,12)(12,10)(10,7)(7,2)(2,10)
(2,3)(3,5)(5,4)(4,3)(3,6)(6,10)(10,11)(11,12)(12,10)(10,7)(7,8)(8,9)(9,7)(7,2)(2,0)(0,1)(1,2)(2,10)
(2,3)(3,5)(5,4)(4,3)(3,6)(6,10)(10,11)(11,12)(12,10)(10,7)(7,8)(8,9)(9,7)(7,2)(2,1)(1,0)(0,2)(2,10)
(2,3)(3,5)(5,4)(4,3)(3,6)(6,10)(10,11)(11,12)(12,10)(10,7)(7,8)(8,9)(9,7)(7,2)(2,10)
(2,3)(3,5)(5,4)(4,3)(3,6)(6,10)(10,11)(11,12)(12,10)(10,7)(7,9)(9,8)(8,7)(7,2)(2,0)(0,1)(1,2)(2,10)
(2,3)(3,5)(5,4)(4,3)(3,6)(6,10)(10,11)(11,12)(12,10)(10,7)(7,9)(9,8)(8,7)(7,2)(2,1)(1,0)(0,2)(2,10)
(2,3)(3,5)(5,4)(4,3)(3,6)(6,10)(10,11)(11,12)(12,10)(10,7)(7,9)(9,8)(8,7)(7,2)(2,10)
(2,3)(3,5)(5,4)(4,3)(3,6)(6,10)(10,12)(12,11)(11,10)(10,2)(2,0)(0,1)(1,2)(2,7)(7,8)(8,9)(9,7)(7,10)
(2,3)(3,5)(5,4)(4,3)(3,6)(6,10)(10,12)(12,11)(11,10)(10,2)(2,0)(0,1)(1,2)(2,7)(7,9)(9,8)(8,7)(7,10)
(2,3)(3,5)(5,4)(4,3)(3,6)(6,10)(10,12)(12,11)(11,10)(10,2)(2,0)(0,1)(1,2)(2,7)(7,10)
(2,3)(3,5)(5,4)(4,3)(3,6)(6,10)(10,12)(12,11)(11,10)(10,2)(2,1)(1,0)(0,2)(2,7)(7,8)(8,9)(9,7)(7,10)
(2,3)(3,5)(5,4)(4,3)(3,6)(6,10)(10,12)(12,11)(11,10)(10,2)(2,1)(1,0)(0,2)(2,7)(7,9)(9,8)(8,7)(7,10)
(2,3)(3,5)(5,4)(4,3)(3,6)(6,10)(10,12)(12,11)(11,10)(10,2)(2,1)(1,0)(0,2)(2,7)(7,10)
(2,3)(3,5)(5,4)(4,3)(3,6)(6,10)(10,12)(12,11)(11,10)(10,2)(2,7)(7,8)(8,9)(9,7)(7,10)
(2,3)(3,5)(5,4)(4,3)(3,6)(6,10)(10,12)(12,11)(11,10)(10,2)(2,7)(7,9)(9,8)(8,7)(7,10)
(2,3)(3,5)(5,4)(4,3)(3,6)(6,10)(10,12)(12,11)(11,10)(10,2)(2,7)(7,10)
(2,3)(3,5)(5,4)(4,3)(3,6)(6,10)(10,12)(12,11)(11,10)(10,7)(7,2)(2,0)(0,1)(1,2)(2,10)
(2,3)(3,5)(5,4)(4,3)(3,6)(6,10)(10,12)(12,11)(11,10)(10,7)(7,2)(2,1)(1,0)(0,2)(2,10)
(2,3)(3,5)(5,4)(4,3)(3,6)(6,10)(10,12)(12,11)(11,10)(10,7)(7,2)(2,10)
(2,3)(3,5)(5,4)(4,3)(3,6)(6,10)(10,12)(12,11)(11,10)(10,7)(7,8)(8,9)(9,7)(7,2)(2,0)(0,1)(1,2)(2,10)
(2,3)(3,5)(5,4)(4,3)(3,6)(6,10)(10,12)(12,11)(11,10)(10,7)(7,8)(8,9)(9,7)(7,2)(2,1)(1,0)(0,2)(2,10)
(2,3)(3,5)(5,4)(4,3)(3,6)(6,10)(10,12)(12,11)(11,10)(10,7)(7,8)(8,9)(9,7)(7,2)(2,10)
(2,3)(3,5)(5,4)(4,3)(3,6)(6,10)(10,12)(12,11)(11,10)(10,7)(7,9)(9,8)(8,7)(7,2)(2,0)(0,1)(1,2)(2,10)
(2,3)(3,5)(5,4)(4,3)(3,6)(6,10)(10,12)(12,11)(11,10)(10,7)(7,9)(9,8)(8,7)(7,2)(2,1)(1,0)(0,2)(2,10)
(2,3)(3,5)(5,4)(4,3)(3,6)(6,10)(10,12)(12,11)(11,10)(10,7)(7,9)(9,8)(8,7)(7,2)(2,10)
(2,3)(3,6)(6,10)(10,2)(2,0)(0,1)(1,2)(2,7)(7,8)(8,9)(9,7)(7,10)(10,11)(11,12)(12,10)
(2,3)(3,6)(6,10)(10,2)(2,0)(0,1)(1,2)(2,7)(7,8)(8,9)(9,7)(7,10)(10,12)(12,11)(11,10)
(2,3)(3,6)(6,10)(10,2)(2,0)(0,1)(1,2)(2,7)(7,9)(9,8)(8,7)(7,10)(10,11)(11,12)(12,10)
(2,3)(3,6)(6,10)(10,2)(2,0)(0,1)(1,2)(2,7)(7,9)(9,8)(8,7)(7,10)(10,12)(12,11)(11,10)
(2,3)(3,6)(6,10)(10,2)(2,0)(0,1)(1,2)(2,7)(7,10)(10,11)(11,12)(12,10)
(2,3)(3,6)(6,10)(10,2)(2,0)(0,1)(1,2)(2,7)(7,10)(10,12)(12,11)(11,10)
(2,3)(3,6)(6,10)(10,2)(2,1)(1,0)(0,2)(2,7)(7,8)(8,9)(9,7)(7,10)(10,11)(11,12)(12,10)
(2,3)(3,6)(6,10)(10,2)(2,1)(1,0)(0,2)(2,7)(7,8)(8,9)(9,7)(7,10)(10,12)(12,11)(11,10)
(2,3)(3,6)(6,10)(10,2)(2,1)(1,0)(0,2)(2,7)(7,9)(9,8)(8,7)(7,10)(10,11)(11,12)(12,10)
(2,3)(3,6)(6,10)(10,2)(2,1)(1,0)(0,2)(2,7)(7,9)(9,8)(8,7)(7,10)(10,12)(12,11)(11,10)
(2,3)(3,6)(6,10)(10,2)(2,1)(1,0)(0,2)(2,7)(7,10)(10,11)(11,12)(12,10)
(2,3)(3,6)(6,10)(10,2)(2,1)(1,0)(0,2)(2,7)(7,10)(10,12)(12,11)(11,10)
(2,3)(3,6)(6,10)(10,2)(2,7)(7,8)(8,9)(9,7)(7,10)(10,11)(11,12)(12,10)
(2,3)(3,6)(6,10)(10,2)(2,7)(7,8)(8,9)(9,7)(7,10)(10,12)(12,11)(11,10)
(2,3)(3,6)(6,10)(10,2)(2,7)(7,9)(9,8)(8,7)(7,10)(10,11)(11,12)(12,10)
(2,3)(3,6)(6,10)(10,2)(2,7)(7,9)(9,8)(8,7)(7,10)(10,12)(12,11)(11,10)
(2,3)(3,6)(6,10)(10,2)(2,7)(7,10)(10,11)(11,12)(12,10)
(2,3)(3,6)(6,10)(10,2)(2,7)(7,10)(10,12)(12,11)(11,10)
(2,3)(3,6)(6,10)(10,7)(7,2)(2,0)(0,1)(1,2)(2,10)(10,11)(11,12)(12,10)
(2,3)(3,6)(6,10)(10,7)(7,2)(2,0)(0,1)(1,2)(2,10)(10,12)(12,11)(11,10)
(2,3)(3,6)(6,10)(10,7)(7,2)(2,1)(1,0)(0,2)(2,10)(10,11)(11,12)(12,10)
(2,3)(3,6)(6,10)(10,7)(7,2)(2,1)(1,0)(0,2)(2,10)(10,12)(12,11)(11,10)
(2,3)(3,6)(6,10)(10,7)(7,2)(2,10)(10,11)(11,12)(12,10)
(2,3)(3,6)(6,10)(10,7)(7,2)(2,10)(10,12)(12,11)(11,10)
(2,3)(3,6)(6,10)(10,7)(7,8)(8,9)(9,7)(7,2)(2,0)(0,1)(1,2)(2,10)(10,11)(11,12)(12,10)
(2,3)(3,6)(6,10)(10,7)(7,8)(8,9)(9,7)(7,2)(2,0)(0,1)(1,2)(2,10)(10,12)(12,11)(11,10)
(2,3)(3,6)(6,10)(10,7)(7,8)(8,9)(9,7)(7,2)(2,1)(1,0)(0,2)(2,10)(10,11)(11,12)(12,10)
(2,3)(3,6)(6,10)(10,7)(7,8)(8,9)(9,7)(7,2)(2,1)(1,0)(0,2)(2,10)(10,12)(12,11)(11,10)
(2,3)(3,6)(6,10)(10,7)(7,8)(8,9)(9,7)(7,2)(2,10)(10,11)(11,12)(12,10)
(2,3)(3,6)(6,10)(10,7)(7,8)(8,9)(9,7)(7,2)(2,10)(10,12)(12,11)(11,10)
(2,3)(3,6)(6,10)(10,7)(7,9)(9,8)(8,7)(7,2)(2,0)(0,1)(1,2)(2,10)(10,11)(11,12)(12,10)
(2,3)(3,6)(6,10)(10,7)(7,9)(9,8)(8,7)(7,2)(2,0)(0,1)(1,2)(2,10)(10,12)(12,11)(11,10)
(2,3)(3,6)(6,10)(10,7)(7,9)(9,8)(8,7)(7,2)(2,1)(1,0)(0,2)(2,10)(10,11)(11,12)(12,10)
(2,3)(3,6)(6,10)(10,7)(7,9)(9,8)(8,7)(7,2)(2,1)(1,0)(0,2)(2,10)(10,12)(12,11)(11,10)
(2,3)(3,6)(6,10)(10,7)(7,9)(9,8)(8,7)(7,2)(2,10)(10,11)(11,12)(12,10)
(2,3)(3,6)(6,10)(10,7)(7,9)(9,8)(8,7)(7,2)(2,10)(10,12)(12,11)(11,10)
(2,3)(3,6)(6,10)(10,11)(11,12)(12,10)(10,2)(2,0)(0,1)(1,2)(2,7)(7,8)(8,9)(9,7)(7,10)
(2,3)(3,6)(6,10)(10,11)(11,12)(12,10)(10,2)(2,0)(0,1)(1,2)(2,7)(7,9)(9,8)(8,7)(7,10)
(2,3)(3,6)(6,10)(10,11)(11,12)(12,10)(10,2)(2,0)(0,1)(1,2)(2,7)(7,10)
(2,3)(3,6)(6,10)(10,11)(11,12)(12,10)(10,2)(2,1)(1,0)(0,2)(2,7)(7,8)(8,9)(9,7)(7,10)
(2,3)(3,6)(6,10)(10,11)(11,12)(12,10)(10,2)(2,1)(1,0)(0,2)(2,7)(7,9)(9,8)(8,7)(7,10)
(2,3)(3,6)(6,10)(10,11)(11,12)(12,10)(10,2)(2,1)(1,0)(0,2)(2,7)(7,10)
(2,3)(3,6)(6,10)(10,11)(11,12)(12,10)(10,2)(2,7)(7,8)(8,9)(9,7)(7,10)
(2,3)(3,6)(6,10)(10,11)(11,12)(12,10)(10,2)(2,7)(7,9)(9,8)(8,7)(7,10)
(2,3)(3,6)(6,10)(10,11)(11,12)(12,10)(10,2)(2,7)(7,10)
(2,3)(3,6)(6,10)(10,11)(11,12)(12,10)(10,7)(7,2)(2,0)(0,1)(1,2)(2,10)
(2,3)(3,6)(6,10)(10,11)(11,12)(12,10)(10,7)(7,2)(2,1)(1,0)(0,2)(2,10)
(2,3)(3,6)(6,10)(10,11)(11,12)(12,10)(10,7)(7,2)(2,10)
(2,3)(3,6)(6,10)(10,11)(11,12)(12,10)(10,7)(7,8)(8,9)(9,7)(7,2)(2,0)(0,1)(1,2)(2,10)
(2,3)(3,6)(6,10)(10,11)(11,12)(12,10)(10,7)(7,8)(8,9)(9,7)(7,2)(2,1)(1,0)(0,2)(2,10)
(2,3)(3,6)(6,10)(10,11)(11,12)(12,10)(10,7)(7,8)(8,9)(9,7)(7,2)(2,10)
(2,3)(3,6)(6,10)(10,11)(11,12)(12,10)(10,7)(7,9)(9,8)(8,7)(7,2)(2,0)(0,1)(1,2)(2,10)
(2,3)(3,6)(6,10)(10,11)(11,12)(12,10)(10,7)(7,9)(9,8)(8,7)(7,2)(2,1)(1,0)(0,2)(2,10)
(2,3)(3,6)(6,10)(10,11)(11,12)(12,10)(10,7)(7,9)(9,8)(8,7)(7,2)(2,10)
(2,3)(3,6)(6,10)(10,12)(12,11)(11,10)(10,2)(2,0)(0,1)(1,2)(2,7)(7,8)(8,9)(9,7)(7,10)
(2,3)(3,6)(6,10)(10,12)(12,11)(11,10)(10,2)(2,0)(0,1)(1,2)(2,7)(7,9)(9,8)(8,7)(7,10)
(2,3)(3,6)(6,10)(10,12)(12,11)(11,10)(10,2)(2,0)(0,1)(1,2)(2,7)(7,10)
(2,3)(3,6)(6,10)(10,12)(12,11)(11,10)(10,2)(2,1)(1,0)(0,2)(2,7)(7,8)(8,9)(9,7)(7,10)
(2,3)(3,6)(6,10)(10,12)(12,11)(11,10)(10,2)(2,1)(1,0)(0,2)(2,7)(7,9)(9,8)(8,7)(7,10)
(2,3)(3,6)(6,10)(10,12)(12,11)(11,10)(10,2)(2,1)(1,0)(0,2)(2,7)(7,10)
(2,3)(3,6)(6,10)(10,12)(12,11)(11,10)(10,2)(2,7)(7,8)(8,9)(9,7)(7,10)
(2,3)(3,6)(6,10)(10,12)(12,11)(11,10)(10,2)(2,7)(7,9)(9,8)(8,7)(7,10)
(2,3)(3,6)(6,10)(10,12)(12,11)(11,10)(10,2)(2,7)(7,10)
(2,3)(3,6)(6,10)(10,12)(12,11)(11,10)(10,7)(7,2)(2,0)(0,1)(1,2)(2,10)
(2,3)(3,6)(6,10)(10,12)(12,11)(11,10)(10,7)(7,2)(2,1)(1,0)(0,2)(2,10)
(2,3)(3,6)(6,10)(10,12)(12,11)(11,10)(10,7)(7,2)(2,10)
(2,3)(3,6)(6,10)(10,12)(12,11)(11,10)(10,7)(7,8)(8,9)(9,7)(7,2)(2,0)(0,1)(1,2)(2,10)
(2,3)(3,6)(6,10)(10,12)(12,11)(11,10)(10,7)(7,8)(8,9)(9,7)(7,2)(2,1)(1,0)(0,2)(2,10)
(2,3)(3,6)(6,10)(10,12)(12,11)(11,10)(10,7)(7,8)(8,9)(9,7)(7,2)(2,10)
(2,3)(3,6)(6,10)(10,12)(12,11)(11,10)(10,7)(7,9)(9,8)(8,7)(7,2)(2,0)(0,1)(1,2)(2,10)
(2,3)(3,6)(6,10)(10,12)(12,11)(11,10)(10,7)(7,9)(9,8)(8,7)(7,2)(2,1)(1,0)(0,2)(2,10)
(2,3)(3,6)(6,10)(10,12)(12,11)(11,10)(10,7)(7,9)(9,8)(8,7)(7,2)(2,10)
(2,7)(7,8)(8,9)(9,7)(7,10)(10,2)(2,0)(0,1)(1,2)(2,3)(3,4)(4,5)(5,3)(3,6)(6,10)(10,11)(11,12)(12,10)
(2,7)(7,8)(8,9)(9,7)(7,10)(10,2)(2,0)(0,1)(1,2)(2,3)(3,4)(4,5)(5,3)(3,6)(6,10)(10,12)(12,11)(11,10)
(2,7)(7,8)(8,9)(9,7)(7,10)(10,2)(2,0)(0,1)(1,2)(2,3)(3,5)(5,4)(4,3)(3,6)(6,10)(10,11)(11,12)(12,10)
(2,7)(7,8)(8,9)(9,7)(7,10)(10,2)(2,0)(0,1)(1,2)(2,3)(3,5)(5,4)(4,3)(3,6)(6,10)(10,12)(12,11)(11,10)
(2,7)(7,8)(8,9)(9,7)(7,10)(10,2)(2,0)(0,1)(1,2)(2,3)(3,6)(6,10)(10,11)(11,12)(12,10)
(2,7)(7,8)(8,9)(9,7)(7,10)(10,2)(2,0)(0,1)(1,2)(2,3)(3,6)(6,10)(10,12)(12,11)(11,10)
(2,7)(7,8)(8,9)(9,7)(7,10)(10,2)(2,1)(1,0)(0,2)(2,3)(3,4)(4,5)(5,3)(3,6)(6,10)(10,11)(11,12)(12,10)
(2,7)(7,8)(8,9)(9,7)(7,10)(10,2)(2,1)(1,0)(0,2)(2,3)(3,4)(4,5)(5,3)(3,6)(6,10)(10,12)(12,11)(11,10)
(2,7)(7,8)(8,9)(9,7)(7,10)(10,2)(2,1)(1,0)(0,2)(2,3)(3,5)(5,4)(4,3)(3,6)(6,10)(10,11)(11,12)(12,10)
(2,7)(7,8)(8,9)(9,7)(7,10)(10,2)(2,1)(1,0)(0,2)(2,3)(3,5)(5,4)(4,3)(3,6)(6,10)(10,12)(12,11)(11,10)
(2,7)(7,8)(8,9)(9,7)(7,10)(10,2)(2,1)(1,0)(0,2)(2,3)(3,6)(6,10)(10,11)(11,12)(12,10)
(2,7)(7,8)(8,9)(9,7)(7,10)(10,2)(2,1)(1,0)(0,2)(2,3)(3,6)(6,10)(10,12)(12,11)(11,10)
(2,7)(7,8)(8,9)(9,7)(7,10)(10,2)(2,3)(3,4)(4,5)(5,3)(3,6)(6,10)(10,11)(11,12)(12,10)
(2,7)(7,8)(8,9)(9,7)(7,10)(10,2)(2,3)(3,4)(4,5)(5,3)(3,6)(6,10)(10,12)(12,11)(11,10)
(2,7)(7,8)(8,9)(9,7)(7,10)(10,2)(2,3)(3,5)(5,4)(4,3)(3,6)(6,10)(10,11)(11,12)(12,10)
(2,7)(7,8)(8,9)(9,7)(7,10)(10,2)(2,3)(3,5)(5,4)(4,3)(3,6)(6,10)(10,12)(12,11)(11,10)
(2,7)(7,8)(8,9)(9,7)(7,10)(10,2)(2,3)(3,6)(6,10)(10,11)(11,12)(12,10)
(2,7)(7,8)(8,9)(9,7)(7,10)(10,2)(2,3)(3,6)(6,10)(10,12)(12,11)(11,10)
(2,7)(7,8)(8,9)(9,7)(7,10)(10,6)(6,3)(3,2)(2,0)(0,1)(1,2)(2,10)(10,11)(11,12)(12,10)
(2,7)(7,8)(8,9)(9,7)(7,10)(10,6)(6,3)(3,2)(2,0)(0,1)(1,2)(2,10)(10,12)(12,11)(11,10)
(2,7)(7,8)(8,9)(9,7)(7,10)(10,6)(6,3)(3,2)(2,1)(1,0)(0,2)(2,10)(10,11)(11,12)(12,10)
(2,7)(7,8)(8,9)(9,7)(7,10)(10,6)(6,3)(3,2)(2,1)(1,0)(0,2)(2,10)(10,12)(12,11)(11,10)
(2,7)(7,8)(8,9)(9,7)(7,10)(10,6)(6,3)(3,2)(2,10)(10,11)(11,12)(12,10)
(2,7)(7,8)(8,9)(9,7)(7,10)(10,6)(6,3)(3,2)(2,10)(10,12)(12,11)(11,10)
(2,7)(7,8)(8,9)(9,7)(7,10)(10,6)(6,3)(3,4)(4,5)(5,3)(3,2)(2,0)(0,1)(1,2)(2,10)(10,11)(11,12)(12,10)
(2,7)(7,8)(8,9)(9,7)(7,10)(10,6)(6,3)(3,4)(4,5)(5,3)(3,2)(2,0)(0,1)(1,2)(2,10)(10,12)(12,11)(11,10)
(2,7)(7,8)(8,9)(9,7)(7,10)(10,6)(6,3)(3,4)(4,5)(5,3)(3,2)(2,1)(1,0)(0,2)(2,10)(10,11)(11,12)(12,10)
(2,7)(7,8)(8,9)(9,7)(7,10)(10,6)(6,3)(3,4)(4,5)(5,3)(3,2)(2,1)(1,0)(0,2)(2,10)(10,12)(12,11)(11,10)
(2,7)(7,8)(8,9)(9,7)(7,10)(10,6)(6,3)(3,4)(4,5)(5,3)(3,2)(2,10)(10,11)(11,12)(12,10)
(2,7)(7,8)(8,9)(9,7)(7,10)(10,6)(6,3)(3,4)(4,5)(5,3)(3,2)(2,10)(10,12)(12,11)(11,10)
(2,7)(7,8)(8,9)(9,7)(7,10)(10,6)(6,3)(3,5)(5,4)(4,3)(3,2)(2,0)(0,1)(1,2)(2,10)(10,11)(11,12)(12,10)
(2,7)(7,8)(8,9)(9,7)(7,10)(10,6)(6,3)(3,5)(5,4)(4,3)(3,2)(2,0)(0,1)(1,2)(2,10)(10,12)(12,11)(11,10)
(2,7)(7,8)(8,9)(9,7)(7,10)(10,6)(6,3)(3,5)(5,4)(4,3)(3,2)(2,1)(1,0)(0,2)(2,10)(10,11)(11,12)(12,10)
(2,7)(7,8)(8,9)(9,7)(7,10)(10,6)(6,3)(3,5)(5,4)(4,3)(3,2)(2,1)(1,0)(0,2)(2,10)(10,12)(12,11)(11,10)
(2,7)(7,8)(8,9)(9,7)(7,10)(10,6)(6,3)(3,5)(5,4)(4,3)(3,2)(2,10)(10,11)(11,12)(12,10)
(2,7)(7,8)(8,9)(9,7)(7,10)(10,6)(6,3)(3,5)(5,4)(4,3)(3,2)(2,10)(10,12)(12,11)(11,10)
(2,7)(7,8)(8,9)(9,7)(7,10)(10,11)(11,12)(12,10)(10,2)(2,0)(0,1)(1,2)(2,3)(3,4)(4,5)(5,3)(3,6)(6,10)
(2,7)(7,8)(8,9)(9,7)(7,10)(10,11)(11,12)(12,10)(10,2)(2,0)(0,1)(1,2)(2,3)(3,5)(5,4)(4,3)(3,6)(6,10)
(2,7)(7,8)(8,9)(9,7)(7,10)(10,11)(11,12)(12,10)(10,2)(2,0)(0,1)(1,2)(2,3)(3,6)(6,10)
(2,7)(7,8)(8,9)(9,7)(7,10)(10,11)(11,12)(12,10)(10,2)(2,1)(1,0)(0,2)(2,3)(3,4)(4,5)(5,3)(3,6)(6,10)
(2,7)(7,8)(8,9)(9,7)(7,10)(10,11)(11,12)(12,10)(10,2)(2,1)(1,0)(0,2)(2,3)(3,5)(5,4)(4,3)(3,6)(6,10)
(2,7)(7,8)(8,9)(9,7)(7,10)(10,11)(11,12)(12,10)(10,2)(2,1)(1,0)(0,2)(2,3)(3,6)(6,10)
(2,7)(7,8)(8,9)(9,7)(7,10)(10,11)(11,12)(12,10)(10,2)(2,3)(3,4)(4,5)(5,3)(3,6)(6,10)
(2,7)(7,8)(8,9)(9,7)(7,10)(10,11)(11,12)(12,10)(10,2)(2,3)(3,5)(5,4)(4,3)(3,6)(6,10)
(2,7)(7,8)(8,9)(9,7)(7,10)(10,11)(11,12)(12,10)(10,2)(2,3)(3,6)(6,10)
(2,7)(7,8)(8,9)(9,7)(7,10)(10,11)(11,12)(12,10)(10,6)(6,3)(3,2)(2,0)(0,1)(1,2)(2,10)
(2,7)(7,8)(8,9)(9,7)(7,10)(10,11)(11,12)(12,10)(10,6)(6,3)(3,2)(2,1)(1,0)(0,2)(2,10)
(2,7)(7,8)(8,9)(9,7)(7,10)(10,11)(11,12)(12,10)(10,6)(6,3)(3,2)(2,10)
(2,7)(7,8)(8,9)(9,7)(7,10)(10,11)(11,12)(12,10)(10,6)(6,3)(3,4)(4,5)(5,3)(3,2)(2,0)(0,1)(1,2)(2,10)
(2,7)(7,8)(8,9)(9,7)(7,10)(10,11)(11,12)(12,10)(10,6)(6,3)(3,4)(4,5)(5,3)(3,2)(2,1)(1,0)(0,2)(2,10)
(2,7)(7,8)(8,9)(9,7)(7,10)(10,11)(11,12)(12,10)(10,6)(6,3)(3,4)(4,5)(5,3)(3,2)(2,10)
(2,7)(7,8)(8,9)(9,7)(7,10)(10,11)(11,12)(12,10)(10,6)(6,3)(3,5)(5,4)(4,3)(3,2)(2,0)(0,1)(1,2)(2,10)
(2,7)(7,8)(8,9)(9,7)(7,10)(10,11)(11,12)(12,10)(10,6)(6,3)(3,5)(5,4)(4,3)(3,2)(2,1)(1,0)(0,2)(2,10)
(2,7)(7,8)(8,9)(9,7)(7,10)(10,11)(11,12)(12,10)(10,6)(6,3)(3,5)(5,4)(4,3)(3,2)(2,10)
(2,7)(7,8)(8,9)(9,7)(7,10)(10,12)(12,11)(11,10)(10,2)(2,0)(0,1)(1,2)(2,3)(3,4)(4,5)(5,3)(3,6)(6,10)
(2,7)(7,8)(8,9)(9,7)(7,10)(10,12)(12,11)(11,10)(10,2)(2,0)(0,1)(1,2)(2,3)(3,5)(5,4)(4,3)(3,6)(6,10)
(2,7)(7,8)(8,9)(9,7)(7,10)(10,12)(12,11)(11,10)(10,2)(2,0)(0,1)(1,2)(2,3)(3,6)(6,10)
(2,7)(7,8)(8,9)(9,7)(7,10)(10,12)(12,11)(11,10)(10,2)(2,1)(1,0)(0,2)(2,3)(3,4)(4,5)(5,3)(3,6)(6,10)
(2,7)(7,8)(8,9)(9,7)(7,10)(10,12)(12,11)(11,10)(10,2)(2,1)(1,0)(0,2)(2,3)(3,5)(5,4)(4,3)(3,6)(6,10)
(2,7)(7,8)(8,9)(9,7)(7,10)(10,12)(12,11)(11,10)(10,2)(2,1)(1,0)(0,2)(2,3)(3,6)(6,10)
(2,7)(7,8)(8,9)(9,7)(7,10)(10,12)(12,11)(11,10)(10,2)(2,3)(3,4)(4,5)(5,3)(3,6)(6,10)
(2,7)(7,8)(8,9)(9,7)(7,10)(10,12)(12,11)(11,10)(10,2)(2,3)(3,5)(5,4)(4,3)(3,6)(6,10)
(2,7)(7,8)(8,9)(9,7)(7,10)(10,12)(12,11)(11,10)(10,2)(2,3)(3,6)(6,10)
(2,7)(7,8)(8,9)(9,7)(7,10)(10,12)(12,11)(11,10)(10,6)(6,3)(3,2)(2,0)(0,1)(1,2)(2,10)
(2,7)(7,8)(8,9)(9,7)(7,10)(10,12)(12,11)(11,10)(10,6)(6,3)(3,2)(2,1)(1,0)(0,2)(2,10)
(2,7)(7,8)(8,9)(9,7)(7,10)(10,12)(12,11)(11,10)(10,6)(6,3)(3,2)(2,10)
(2,7)(7,8)(8,9)(9,7)(7,10)(10,12)(12,11)(11,10)(10,6)(6,3)(3,4)(4,5)(5,3)(3,2)(2,0)(0,1)(1,2)(2,10)
(2,7)(7,8)(8,9)(9,7)(7,10)(10,12)(12,11)(11,10)(10,6)(6,3)(3,4)(4,5)(5,3)(3,2)(2,1)(1,0)(0,2)(2,10)
(2,7)(7,8)(8,9)(9,7)(7,10)(10,12)(12,11)(11,10)(10,6)(6,3)(3,4)(4,5)(5,3)(3,2)(2,10)
(2,7)(7,8)(8,9)(9,7)(7,10)(10,12)(12,11)(11,10)(10,6)(6,3)(3,5)(5,4)(4,3)(3,2)(2,0)(0,1)(1,2)(2,10)
(2,7)(7,8)(8,9)(9,7)(7,10)(10,12)(12,11)(11,10)(10,6)(6,3)(3,5)(5,4)(4,3)(3,2)(2,1)(1,0)(0,2)(2,10)
(2,7)(7,8)(8,9)(9,7)(7,10)(10,12)(12,11)(11,10)(10,6)(6,3)(3,5)(5,4)(4,3)(3,2)(2,10)
(2,7)(7,9)(9,8)(8,7)(7,10)(10,2)(2,0)(0,1)(1,2)(2,3)(3,4)(4,5)(5,3)(3,6)(6,10)(10,11)(11,12)(12,10)
(2,7)(7,9)(9,8)(8,7)(7,10)(10,2)(2,0)(0,1)(1,2)(2,3)(3,4)(4,5)(5,3)(3,6)(6,10)(10,12)(12,11)(11,10)
(2,7)(7,9)(9,8)(8,7)(7,10)(10,2)(2,0)(0,1)(1,2)(2,3)(3,5)(5,4)(4,3)(3,6)(6,10)(10,11)(11,12)(12,10)
(2,7)(7,9)(9,8)(8,7)(7,10)(10,2)(2,0)(0,1)(1,2)(2,3)(3,5)(5,4)(4,3)(3,6)(6,10)(10,12)(12,11)(11,10)
(2,7)(7,9)(9,8)(8,7)(7,10)(10,2)(2,0)(0,1)(1,2)(2,3)(3,6)(6,10)(10,11)(11,12)(12,10)
(2,7)(7,9)(9,8)(8,7)(7,10)(10,2)(2,0)(0,1)(1,2)(2,3)(3,6)(6,10)(10,12)(12,11)(11,10)
(2,7)(7,9)(9,8)(8,7)(7,10)(10,2)(2,1)(1,0)(0,2)(2,3)(3,4)(4,5)(5,3)(3,6)(6,10)(10,11)(11,12)(12,10)
(2,7)(7,9)(9,8)(8,7)(7,10)(10,2)(2,1)(1,0)(0,2)(2,3)(3,4)(4,5)(5,3)(3,6)(6,10)(10,12)(12,11)(11,10)
(2,7)(7,9)(9,8)(8,7)(7,10)(10,2)(2,1)(1,0)(0,2)(2,3)(3,5)(5,4)(4,3)(3,6)(6,10)(10,11)(11,12)(12,10)
(2,7)(7,9)(9,8)(8,7)(7,10)(10,2)(2,1)(1,0)(0,2)(2,3)(3,5)(5,4)(4,3)(3,6)(6,10)(10,12)(12,11)(11,10)
(2,7)(7,9)(9,8)(8,7)(7,10)(10,2)(2,1)(1,0)(0,2)(2,3)(3,6)(6,10)(10,11)(11,12)(12,10)
(2,7)(7,9)(9,8)(8,7)(7,10)(10,2)(2,1)(1,0)(0,2)(2,3)(3,6)(6,10)(10,12)(12,11)(11,10)
(2,7)(7,9)(9,8)(8,7)(7,10)(10,2)(2,3)(3,4)(4,5)(5,3)(3,6)(6,10)(10,11)(11,12)(12,10)
(2,7)(7,9)(9,8)(8,7)(7,10)(10,2)(2,3)(3,4)(4,5)(5,3)(3,6)(6,10)(10,12)(12,11)(11,10)
(2,7)(7,9)(9,8)(8,7)(7,10)(10,2)(2,3)(3,5)(5,4)(4,3)(3,6)(6,10)(10,11)(11,12)(12,10)
(2,7)(7,9)(9,8)(8,7)(7,10)(10,2)(2,3)(3,5)(5,4)(4,3)(3,6)(6,10)(10,12)(12,11)(11,10)
(2,7)(7,9)(9,8)(8,7)(7,10)(10,2)(2,3)(3,6)(6,10)(10,11)(11,12)(12,10)
(2,7)(7,9)(9,8)(8,7)(7,10)(10,2)(2,3)(3,6)(6,10)(10,12)(12,11)(11,10)
(2,7)(7,9)(9,8)(8,7)(7,10)(10,6)(6,3)(3,2)(2,0)(0,1)(1,2)(2,10)(10,11)(11,12)(12,10)
(2,7)(7,9)(9,8)(8,7)(7,10)(10,6)(6,3)(3,2)(2,0)(0,1)(1,2)(2,10)(10,12)(12,11)(11,10)
(2,7)(7,9)(9,8)(8,7)(7,10)(10,6)(6,3)(3,2)(2,1)(1,0)(0,2)(2,10)(10,11)(11,12)(12,10)
(2,7)(7,9)(9,8)(8,7)(7,10)(10,6)(6,3)(3,2)(2,1)(1,0)(0,2)(2,10)(10,12)(12,11)(11,10)
(2,7)(7,9)(9,8)(8,7)(7,10)(10,6)(6,3)(3,2)(2,10)(10,11)(11,12)(12,10)
(2,7)(7,9)(9,8)(8,7)(7,10)(10,6)(6,3)(3,2)(2,10)(10,12)(12,11)(11,10)
(2,7)(7,9)(9,8)(8,7)(7,10)(10,6)(6,3)(3,4)(4,5)(5,3)(3,2)(2,0)(0,1)(1,2)(2,10)(10,11)(11,12)(12,10)
(2,7)(7,9)(9,8)(8,7)(7,10)(10,6)(6,3)(3,4)(4,5)(5,3)(3,2)(2,0)(0,1)(1,2)(2,10)(10,12)(12,11)(11,10)
(2,7)(7,9)(9,8)(8,7)(7,10)(10,6)(6,3)(3,4)(4,5)(5,3)(3,2)(2,1)(1,0)(0,2)(2,10)(10,11)(11,12)(12,10)
(2,7)(7,9)(9,8)(8,7)(7,10)(10,6)(6,3)(3,4)(4,5)(5,3)(3,2)(2,1)(1,0)(0,2)(2,10)(10,12)(12,11)(11,10)
(2,7)(7,9)(9,8)(8,7)(7,10)(10,6)(6,3)(3,4)(4,5)(5,3)(3,2)(2,10)(10,11)(11,12)(12,10)
(2,7)(7,9)(9,8)(8,7)(7,10)(10,6)(6,3)(3,4)(4,5)(5,3)(3,2)(2,10)(10,12)(12,11)(11,10)
(2,7)(7,9)(9,8)(8,7)(7,10)(10,6)(6,3)(3,5)(5,4)(4,3)(3,2)(2,0)(0,1)(1,2)(2,10)(10,11)(11,12)(12,10)
(2,7)(7,9)(9,8)(8,7)(7,10)(10,6)(6,3)(3,5)(5,4)(4,3)(3,2)(2,0)(0,1)(1,2)(2,10)(10,12)(12,11)(11,10)
(2,7)(7,9)(9,8)(8,7)(7,10)(10,6)(6,3)(3,5)(5,4)(4,3)(3,2)(2,1)(1,0)(0,2)(2,10)(10,11)(11,12)(12,10)
(2,7)(7,9)(9,8)(8,7)(7,10)(10,6)(6,3)(3,5)(5,4)(4,3)(3,2)(2,1)(1,0)(0,2)(2,10)(10,12)(12,11)(11,10)
(2,7)(7,9)(9,8)(8,7)(7,10)(10,6)(6,3)(3,5)(5,4)(4,3)(3,2)(2,10)(10,11)(11,12)(12,10)
(2,7)(7,9)(9,8)(8,7)(7,10)(10,6)(6,3)(3,5)(5,4)(4,3)(3,2)(2,10)(10,12)(12,11)(11,10)
(2,7)(7,9)(9,8)(8,7)(7,10)(10,11)(11,12)(12,10)(10,2)(2,0)(0,1)(1,2)(2,3)(3,4)(4,5)(5,3)(3,6)(6,10)
(2,7)(7,9)(9,8)(8,7)(7,10)(10,11)(11,12)(12,10)(10,2)(2,0)(0,1)(1,2)(2,3)(3,5)(5,4)(4,3)(3,6)(6,10)
(2,7)(7,9)(9,8)(8,7)(7,10)(10,11)(11,12)(12,10)(10,2)(2,0)(0,1)(1,2)(2,3)(3,6)(6,10)
(2,7)(7,9)(9,8)(8,7)(7,10)(10,11)(11,12)(12,10)(10,2)(2,1)(1,0)(0,2)(2,3)(3,4)(4,5)(5,3)(3,6)(6,10)
(2,7)(7,9)(9,8)(8,7)(7,10)(10,11)(11,12)(12,10)(10,2)(2,1)(1,0)(0,2)(2,3)(3,5)(5,4)(4,3)(3,6)(6,10)
(2,7)(7,9)(9,8)(8,7)(7,10)(10,11)(11,12)(12,10)(10,2)(2,1)(1,0)(0,2)(2,3)(3,6)(6,10)
(2,7)(7,9)(9,8)(8,7)(7,10)(10,11)(11,12)(12,10)(10,2)(2,3)(3,4)(4,5)(5,3)(3,6)(6,10)
(2,7)(7,9)(9,8)(8,7)(7,10)(10,11)(11,12)(12,10)(10,2)(2,3)(3,5)(5,4)(4,3)(3,6)(6,10)
(2,7)(7,9)(9,8)(8,7)(7,10)(10,11)(11,12)(12,10)(10,2)(2,3)(3,6)(6,10)
(2,7)(7,9)(9,8)(8,7)(7,10)(10,11)(11,12)(12,10)(10,6)(6,3)(3,2)(2,0)(0,1)(1,2)(2,10)
(2,7)(7,9)(9,8)(8,7)(7,10)(10,11)(11,12)(12,10)(10,6)(6,3)(3,2)(2,1)(1,0)(0,2)(2,10)
(2,7)(7,9)(9,8)(8,7)(7,10)(10,11)(11,12)(12,10)(10,6)(6,3)(3,2)(2,10)
(2,7)(7,9)(9,8)(8,7)(7,10)(10,11)(11,12)(12,10)(10,6)(6,3)(3,4)(4,5)(5,3)(3,2)(2,0)(0,1)(1,2)(2,10)
(2,7)(7,9)(9,8)(8,7)(7,10)(10,11)(11,12)(12,10)(10,6)(6,3)(3,4)(4,5)(5,3)(3,2)(2,1)(1,0)(0,2)(2,10)
(2,7)(7,9)(9,8)(8,7)(7,10)(10,11)(11,12)(12,10)(10,6)(6,3)(3,4)(4,5)(5,3)(3,2)(2,10)
(2,7)(7,9)(9,8)(8,7)(7,10)(10,11)(11,12)(12,10)(10,6)(6,3)(3,5)(5,4)(4,3)(3,2)(2,0)(0,1)(1,2)(2,10)
(2,7)(7,9)(9,8)(8,7)(7,10)(10,11)(11,12)(12,10)(10,6)(6,3)(3,5)(5,4)(4,3)(3,2)(2,1)(1,0)(0,2)(2,10)
(2,7)(7,9)(9,8)(8,7)(7,10)(10,11)(11,12)(12,10)(10,6)(6,3)(3,5)(5,4)(4,3)(3,2)(2,10)
(2,7)(7,9)(9,8)(8,7)(7,10)(10,12)(12,11)(11,10)(10,2)(2,0)(0,1)(1,2)(2,3)(3,4)(4,5)(5,3)(3,6)(6,10)
(2,7)(7,9)(9,8)(8,7)(7,10)(10,12)(12,11)(11,10)(10,2)(2,0)(0,1)(1,2)(2,3)(3,5)(5,4)(4,3)(3,6)(6,10)
(2,7)(7,9)(9,8)(8,7)(7,10)(10,12)(12,11)(11,10)(10,2)(2,0)(0,1)(1,2)(2,3)(3,6)(6,10)
(2,7)(7,9)(9,8)(8,7)(7,10)(10,12)(12,11)(11,10)(10,2)(2,1)(1,0)(0,2)(2,3)(3,4)(4,5)(5,3)(3,6)(6,10)
(2,7)(7,9)(9,8)(8,7)(7,10)(10,12)(12,11)(11,10)(10,2)(2,1)(1,0)(0,2)(2,3)(3,5)(5,4)(4,3)(3,6)(6,10)
(2,7)(7,9)(9,8)(8,7)(7,10)(10,12)(12,11)(11,10)(10,2)(2,1)(1,0)(0,2)(2,3)(3,6)(6,10)
(2,7)(7,9)(9,8)(8,7)(7,10)(10,12)(12,11)(11,10)(10,2)(2,3)(3,4)(4,5)(5,3)(3,6)(6,10)
(2,7)(7,9)(9,8)(8,7)(7,10)(10,12)(12,11)(11,10)(10,2)(2,3)(3,5)(5,4)(4,3)(3,6)(6,10)
(2,7)(7,9)(9,8)(8,7)(7,10)(10,12)(12,11)(11,10)(10,2)(2,3)(3,6)(6,10)
(2,7)(7,9)(9,8)(8,7)(7,10)(10,12)(12,11)(11,10)(10,6)(6,3)(3,2)(2,0)(0,1)(1,2)(2,10)
(2,7)(7,9)(9,8)(8,7)(7,10)(10,12)(12,11)(11,10)(10,6)(6,3)(3,2)(2,1)(1,0)(0,2)(2,10)
(2,7)(7,9)(9,8)(8,7)(7,10)(10,12)(12,11)(11,10)(10,6)(6,3)(3,2)(2,10)
(2,7)(7,9)(9,8)(8,7)(7,10)(10,12)(12,11)(11,10)(10,6)(6,3)(3,4)(4,5)(5,3)(3,2)(2,0)(0,1)(1,2)(2,10)
(2,7)(7,9)(9,8)(8,7)(7,10)(10,12)(12,11)(11,10)(10,6)(6,3)(3,4)(4,5)(5,3)(3,2)(2,1)(1,0)(0,2)(2,10)
(2,7)(7,9)(9,8)(8,7)(7,10)(10,12)(12,11)(11,10)(10,6)(6,3)(3,4)(4,5)(5,3)(3,2)(2,10)
(2,7)(7,9)(9,8)(8,7)(7,10)(10,12)(12,11)(11,10)(10,6)(6,3)(3,5)(5,4)(4,3)(3,2)(2,0)(0,1)(1,2)(2,10)
(2,7)(7,9)(9,8)(8,7)(7,10)(10,12)(12,11)(11,10)(10,6)(6,3)(3,5)(5,4)(4,3)(3,2)(2,1)(1,0)(0,2)(2,10)
(2,7)(7,9)(9,8)(8,7)(7,10)(10,12)(12,11)(11,10)(10,6)(6,3)(3,5)(5,4)(4,3)(3,2)(2,10)
(2,7)(7,10)(10,2)(2,0)(0,1)(1,2)(2,3)(3,4)(4,5)(5,3)(3,6)(6,10)(10,11)(11,12)(12,10)
(2,7)(7,10)(10,2)(2,0)(0,1)(1,2)(2,3)(3,4)(4,5)(5,3)(3,6)(6,10)(10,12)(12,11)(11,10)
(2,7)(7,10)(10,2)(2,0)(0,1)(1,2)(2,3)(3,5)(5,4)(4,3)(3,6)(6,10)(10,11)(11,12)(12,10)
(2,7)(7,10)(10,2)(2,0)(0,1)(1,2)(2,3)(3,5)(5,4)(4,3)(3,6)(6,10)(10,12)(12,11)(11,10)
(2,7)(7,10)(10,2)(2,0)(0,1)(1,2)(2,3)(3,6)(6,10)(10,11)(11,12)(12,10)
(2,7)(7,10)(10,2)(2,0)(0,1)(1,2)(2,3)(3,6)(6,10)(10,12)(12,11)(11,10)
(2,7)(7,10)(10,2)(2,1)(1,0)(0,2)(2,3)(3,4)(4,5)(5,3)(3,6)(6,10)(10,11)(11,12)(12,10)
(2,7)(7,10)(10,2)(2,1)(1,0)(0,2)(2,3)(3,4)(4,5)(5,3)(3,6)(6,10)(10,12)(12,11)(11,10)
(2,7)(7,10)(10,2)(2,1)(1,0)(0,2)(2,3)(3,5)(5,4)(4,3)(3,6)(6,10)(10,11)(11,12)(12,10)
(2,7)(7,10)(10,2)(2,1)(1,0)(0,2)(2,3)(3,5)(5,4)(4,3)(3,6)(6,10)(10,12)(12,11)(11,10)
(2,7)(7,10)(10,2)(2,1)(1,0)(0,2)(2,3)(3,6)(6,10)(10,11)(11,12)(12,10)
(2,7)(7,10)(10,2)(2,1)(1,0)(0,2)(2,3)(3,6)(6,10)(10,12)(12,11)(11,10)
(2,7)(7,10)(10,2)(2,3)(3,4)(4,5)(5,3)(3,6)(6,10)(10,11)(11,12)(12,10)
(2,7)(7,10)(10,2)(2,3)(3,4)(4,5)(5,3)(3,6)(6,10)(10,12)(12,11)(11,10)
(2,7)(7,10)(10,2)(2,3)(3,5)(5,4)(4,3)(3,6)(6,10)(10,11)(11,12)(12,10)
(2,7)(7,10)(10,2)(2,3)(3,5)(5,4)(4,3)(3,6)(6,10)(10,12)(12,11)(11,10)
(2,7)(7,10)(10,2)(2,3)(3,6)(6,10)(10,11)(11,12)(12,10)
(2,7)(7,10)(10,2)(2,3)(3,6)(6,10)(10,12)(12,11)(11,10)
(2,7)(7,10)(10,6)(6,3)(3,2)(2,0)(0,1)(1,2)(2,10)(10,11)(11,12)(12,10)
(2,7)(7,10)(10,6)(6,3)(3,2)(2,0)(0,1)(1,2)(2,10)(10,12)(12,11)(11,10)
(2,7)(7,10)(10,6)(6,3)(3,2)(2,1)(1,0)(0,2)(2,10)(10,11)(11,12)(12,10)
(2,7)(7,10)(10,6)(6,3)(3,2)(2,1)(1,0)(0,2)(2,10)(10,12)(12,11)(11,10)
(2,7)(7,10)(10,6)(6,3)(3,2)(2,10)(10,11)(11,12)(12,10)
(2,7)(7,10)(10,6)(6,3)(3,2)(2,10)(10,12)(12,11)(11,10)
(2,7)(7,10)(10,6)(6,3)(3,4)(4,5)(5,3)(3,2)(2,0)(0,1)(1,2)(2,10)(10,11)(11,12)(12,10)
(2,7)(7,10)(10,6)(6,3)(3,4)(4,5)(5,3)(3,2)(2,0)(0,1)(1,2)(2,10)(10,12)(12,11)(11,10)
(2,7)(7,10)(10,6)(6,3)(3,4)(4,5)(5,3)(3,2)(2,1)(1,0)(0,2)(2,10)(10,11)(11,12)(12,10)
(2,7)(7,10)(10,6)(6,3)(3,4)(4,5)(5,3)(3,2)(2,1)(1,0)(0,2)(2,10)(10,12)(12,11)(11,10)
(2,7)(7,10)(10,6)(6,3)(3,4)(4,5)(5,3)(3,2)(2,10)(10,11)(11,12)(12,10)
(2,7)(7,10)(10,6)(6,3)(3,4)(4,5)(5,3)(3,2)(2,10)(10,12)(12,11)(11,10)
(2,7)(7,10)(10,6)(6,3)(3,5)(5,4)(4,3)(3,2)(2,0)(0,1)(1,2)(2,10)(10,11)(11,12)(12,10)
(2,7)(7,10)(10,6)(6,3)(3,5)(5,4)(4,3)(3,2)(2,0)(0,1)(1,2)(2,10)(10,12)(12,11)(11,10)
(2,7)(7,10)(10,6)(6,3)(3,5)(5,4)(4,3)(3,2)(2,1)(1,0)(0,2)(2,10)(10,11)(11,12)(12,10)
(2,7)(7,10)(10,6)(6,3)(3,5)(5,4)(4,3)(3,2)(2,1)(1,0)(0,2)(2,10)(10,12)(12,11)(11,10)
(2,7)(7,10)(10,6)(6,3)(3,5)(5,4)(4,3)(3,2)(2,10)(10,11)(11,12)(12,10)
(2,7)(7,10)(10,6)(6,3)(3,5)(5,4)(4,3)(3,2)(2,10)(10,12)(12,11)(11,10)
(2,7)(7,10)(10,11)(11,12)(12,10)(10,2)(2,0)(0,1)(1,2)(2,3)(3,4)(4,5)(5,3)(3,6)(6,10)
(2,7)(7,10)(10,11)(11,12)(12,10)(10,2)(2,0)(0,1)(1,2)(2,3)(3,5)(5,4)(4,3)(3,6)(6,10)
(2,7)(7,10)(10,11)(11,12)(12,10)(10,2)(2,0)(0,1)(1,2)(2,3)(3,6)(6,10)
(2,7)(7,10)(10,11)(11,12)(12,10)(10,2)(2,1)(1,0)(0,2)(2,3)(3,4)(4,5)(5,3)(3,6)(6,10)
(2,7)(7,10)(10,11)(11,12)(12,10)(10,2)(2,1)(1,0)(0,2)(2,3)(3,5)(5,4)(4,3)(3,6)(6,10)
(2,7)(7,10)(10,11)(11,12)(12,10)(10,2)(2,1)(1,0)(0,2)(2,3)(3,6)(6,10)
(2,7)(7,10)(10,11)(11,12)(12,10)(10,2)(2,3)(3,4)(4,5)(5,3)(3,6)(6,10)
(2,7)(7,10)(10,11)(11,12)(12,10)(10,2)(2,3)(3,5)(5,4)(4,3)(3,6)(6,10)
(2,7)(7,10)(10,11)(11,12)(12,10)(10,2)(2,3)(3,6)(6,10)
(2,7)(7,10)(10,11)(11,12)(12,10)(10,6)(6,3)(3,2)(2,0)(0,1)(1,2)(2,10)
(2,7)(7,10)(10,11)(11,12)(12,10)(10,6)(6,3)(3,2)(2,1)(1,0)(0,2)(2,10)
(2,7)(7,10)(10,11)(11,12)(12,10)(10,6)(6,3)(3,2)(2,10)
(2,7)(7,10)(10,11)(11,12)(12,10)(10,6)(6,3)(3,4)(4,5)(5,3)(3,2)(2,0)(0,1)(1,2)(2,10)
(2,7)(7,10)(10,11)(11,12)(12,10)(10,6)(6,3)(3,4)(4,5)(5,3)(3,2)(2,1)(1,0)(0,2)(2,10)
(2,7)(7,10)(10,11)(11,12)(12,10)(10,6)(6,3)(3,4)(4,5)(5,3)(3,2)(2,10)
(2,7)(7,10)(10,11)(11,12)(12,10)(10,6)(6,3)(3,5)(5,4)(4,3)(3,2)(2,0)(0,1)(1,2)(2,10)
(2,7)(7,10)(10,11)(11,12)(12,10)(10,6)(6,3)(3,5)(5,4)(4,3)(3,2)(2,1)(1,0)(0,2)(2,10)
(2,7)(7,10)(10,11)(11,12)(12,10)(10,6)(6,3)(3,5)(5,4)(4,3)(3,2)(2,10)
(2,7)(7,10)(10,12)(12,11)(11,10)(10,2)(2,0)(0,1)(1,2)(2,3)(3,4)(4,5)(5,3)(3,6)(6,10)
(2,7)(7,10)(10,12)(12,11)(11,10)(10,2)(2,0)(0,1)(1,2)(2,3)(3,5)(5,4)(4,3)(3,6)(6,10)
(2,7)(7,10)(10,12)(12,11)(11,10)(10,2)(2,0)(0,1)(1,2)(2,3)(3,6)(6,10)
(2,7)(7,10)(10,12)(12,11)(11,10)(10,2)(2,1)(1,0)(0,2)(2,3)(3,4)(4,5)(5,3)(3,6)(6,10)
(2,7)(7,10)(10,12)(12,11)(11,10)(10,2)(2,1)(1,0)(0,2)(2,3)(3,5)(5,4)(4,3)(3,6)(6,10)
(2,7)(7,10)(10,12)(12,11)(11,10)(10,2)(2,1)(1,0)(0,2)(2,3)(3,6)(6,10)
(2,7)(7,10)(10,12)(12,11)(11,10)(10,2)(2,3)(3,4)(4,5)(5,3)(3,6)(6,10)
(2,7)(7,10)(10,12)(12,11)(11,10)(10,2)(2,3)(3,5)(5,4)(4,3)(3,6)(6,10)
(2,7)(7,10)(10,12)(12,11)(11,10)(10,2)(2,3)(3,6)(6,10)
(2,7)(7,10)(10,12)(12,11)(11,10)(10,6)(6,3)(3,2)(2,0)(0,1)(1,2)(2,10)
(2,7)(7,10)(10,12)(12,11)(11,10)(10,6)(6,3)(3,2)(2,1)(1,0)(0,2)(2,10)
(2,7)(7,10)(10,12)(12,11)(11,10)(10,6)(6,3)(3,2)(2,10)
(2,7)(7,10)(10,12)(12,11)(11,10)(10,6)(6,3)(3,4)(4,5)(5,3)(3,2)(2,0)(0,1)(1,2)(2,10)
(2,7)(7,10)(10,12)(12,11)(11,10)(10,6)(6,3)(3,4)(4,5)(5,3)(3,2)(2,1)(1,0)(0,2)(2,10)
(2,7)(7,10)(10,12)(12,11)(11,10)(10,6)(6,3)(3,4)(4,5)(5,3)(3,2)(2,10)
(2,7)(7,10)(10,12)(12,11)(11,10)(10,6)(6,3)(3,5)(5,4)(4,3)(3,2)(2,0)(0,1)(1,2)(2,10)
(2,7)(7,10)(10,12)(12,11)(11,10)(10,6)(6,3)(3,5)(5,4)(4,3)(3,2)(2,1)(1,0)(0,2)(2,10)
(2,7)(7,10)(10,12)(12,11)(11,10)(10,6)(6,3)(3,5)(5,4)(4,3)(3,2)(2,10)
(2,10)(10,6)(6,3)(3,2)(2,0)(0,1)(1,2)(2,7)(7,8)(8,9)(9,7)(7,10)(10,11)(11,12)(12,10)
(2,10)(10,6)(6,3)(3,2)(2,0)(0,1)(1,2)(2,7)(7,8)(8,9)(9,7)(7,10)(10,12)(12,11)(11,10)
(2,10)(10,6)(6,3)(3,2)(2,0)(0,1)(1,2)(2,7)(7,9)(9,8)(8,7)(7,10)(10,11)(11,12)(12,10)
(2,10)(10,6)(6,3)(3,2)(2,0)(0,1)(1,2)(2,7)(7,9)(9,8)(8,7)(7,10)(10,12)(12,11)(11,10)
(2,10)(10,6)(6,3)(3,2)(2,0)(0,1)(1,2)(2,7)(7,10)(10,11)(11,12)(12,10)
(2,10)(10,6)(6,3)(3,2)(2,0)(0,1)(1,2)(2,7)(7,10)(10,12)(12,11)(11,10)
(2,10)(10,6)(6,3)(3,2)(2,1)(1,0)(0,2)(2,7)(7,8)(8,9)(9,7)(7,10)(10,11)(11,12)(12,10)
(2,10)(10,6)(6,3)(3,2)(2,1)(1,0)(0,2)(2,7)(7,8)(8,9)(9,7)(7,10)(10,12)(12,11)(11,10)
(2,10)(10,6)(6,3)(3,2)(2,1)(1,0)(0,2)(2,7)(7,9)(9,8)(8,7)(7,10)(10,11)(11,12)(12,10)
(2,10)(10,6)(6,3)(3,2)(2,1)(1,0)(0,2)(2,7)(7,9)(9,8)(8,7)(7,10)(10,12)(12,11)(11,10)
(2,10)(10,6)(6,3)(3,2)(2,1)(1,0)(0,2)(2,7)(7,10)(10,11)(11,12)(12,10)
(2,10)(10,6)(6,3)(3,2)(2,1)(1,0)(0,2)(2,7)(7,10)(10,12)(12,11)(11,10)
(2,10)(10,6)(6,3)(3,2)(2,7)(7,8)(8,9)(9,7)(7,10)(10,11)(11,12)(12,10)
(2,10)(10,6)(6,3)(3,2)(2,7)(7,8)(8,9)(9,7)(7,10)(10,12)(12,11)(11,10)
(2,10)(10,6)(6,3)(3,2)(2,7)(7,9)(9,8)(8,7)(7,10)(10,11)(11,12)(12,10)
(2,10)(10,6)(6,3)(3,2)(2,7)(7,9)(9,8)(8,7)(7,10)(10,12)(12,11)(11,10)
(2,10)(10,6)(6,3)(3,2)(2,7)(7,10)(10,11)(11,12)(12,10)
(2,10)(10,6)(6,3)(3,2)(2,7)(7,10)(10,12)(12,11)(11,10)
(2,10)(10,6)(6,3)(3,4)(4,5)(5,3)(3,2)(2,0)(0,1)(1,2)(2,7)(7,8)(8,9)(9,7)(7,10)(10,11)(11,12)(12,10)
(2,10)(10,6)(6,3)(3,4)(4,5)(5,3)(3,2)(2,0)(0,1)(1,2)(2,7)(7,8)(8,9)(9,7)(7,10)(10,12)(12,11)(11,10)
(2,10)(10,6)(6,3)(3,4)(4,5)(5,3)(3,2)(2,0)(0,1)(1,2)(2,7)(7,9)(9,8)(8,7)(7,10)(10,11)(11,12)(12,10)
(2,10)(10,6)(6,3)(3,4)(4,5)(5,3)(3,2)(2,0)(0,1)(1,2)(2,7)(7,9)(9,8)(8,7)(7,10)(10,12)(12,11)(11,10)
(2,10)(10,6)(6,3)(3,4)(4,5)(5,3)(3,2)(2,0)(0,1)(1,2)(2,7)(7,10)(10,11)(11,12)(12,10)
(2,10)(10,6)(6,3)(3,4)(4,5)(5,3)(3,2)(2,0)(0,1)(1,2)(2,7)(7,10)(10,12)(12,11)(11,10)
(2,10)(10,6)(6,3)(3,4)(4,5)(5,3)(3,2)(2,1)(1,0)(0,2)(2,7)(7,8)(8,9)(9,7)(7,10)(10,11)(11,12)(12,10)
(2,10)(10,6)(6,3)(3,4)(4,5)(5,3)(3,2)(2,1)(1,0)(0,2)(2,7)(7,8)(8,9)(9,7)(7,10)(10,12)(12,11)(11,10)
(2,10)(10,6)(6,3)(3,4)(4,5)(5,3)(3,2)(2,1)(1,0)(0,2)(2,7)(7,9)(9,8)(8,7)(7,10)(10,11)(11,12)(12,10)
(2,10)(10,6)(6,3)(3,4)(4,5)(5,3)(3,2)(2,1)(1,0)(0,2)(2,7)(7,9)(9,8)(8,7)(7,10)(10,12)(12,11)(11,10)
(2,10)(10,6)(6,3)(3,4)(4,5)(5,3)(3,2)(2,1)(1,0)(0,2)(2,7)(7,10)(10,11)(11,12)(12,10)
(2,10)(10,6)(6,3)(3,4)(4,5)(5,3)(3,2)(2,1)(1,0)(0,2)(2,7)(7,10)(10,12)(12,11)(11,10)
(2,10)(10,6)(6,3)(3,4)(4,5)(5,3)(3,2)(2,7)(7,8)(8,9)(9,7)(7,10)(10,11)(11,12)(12,10)
(2,10)(10,6)(6,3)(3,4)(4,5)(5,3)(3,2)(2,7)(7,8)(8,9)(9,7)(7,10)(10,12)(12,11)(11,10)
(2,10)(10,6)(6,3)(3,4)(4,5)(5,3)(3,2)(2,7)(7,9)(9,8)(8,7)(7,10)(10,11)(11,12)(12,10)
(2,10)(10,6)(6,3)(3,4)(4,5)(5,3)(3,2)(2,7)(7,9)(9,8)(8,7)(7,10)(10,12)(12,11)(11,10)
(2,10)(10,6)(6,3)(3,4)(4,5)(5,3)(3,2)(2,7)(7,10)(10,11)(11,12)(12,10)
(2,10)(10,6)(6,3)(3,4)(4,5)(5,3)(3,2)(2,7)(7,10)(10,12)(12,11)(11,10)
(2,10)(10,6)(6,3)(3,5)(5,4)(4,3)(3,2)(2,0)(0,1)(1,2)(2,7)(7,8)(8,9)(9,7)(7,10)(10,11)(11,12)(12,10)
(2,10)(10,6)(6,3)(3,5)(5,4)(4,3)(3,2)(2,0)(0,1)(1,2)(2,7)(7,8)(8,9)(9,7)(7,10)(10,12)(12,11)(11,10)
(2,10)(10,6)(6,3)(3,5)(5,4)(4,3)(3,2)(2,0)(0,1)(1,2)(2,7)(7,9)(9,8)(8,7)(7,10)(10,11)(11,12)(12,10)
(2,10)(10,6)(6,3)(3,5)(5,4)(4,3)(3,2)(2,0)(0,1)(1,2)(2,7)(7,9)(9,8)(8,7)(7,10)(10,12)(12,11)(11,10)
(2,10)(10,6)(6,3)(3,5)(5,4)(4,3)(3,2)(2,0)(0,1)(1,2)(2,7)(7,10)(10,11)(11,12)(12,10)
(2,10)(10,6)(6,3)(3,5)(5,4)(4,3)(3,2)(2,0)(0,1)(1,2)(2,7)(7,10)(10,12)(12,11)(11,10)
(2,10)(10,6)(6,3)(3,5)(5,4)(4,3)(3,2)(2,1)(1,0)(0,2)(2,7)(7,8)(8,9)(9,7)(7,10)(10,11)(11,12)(12,10)
(2,10)(10,6)(6,3)(3,5)(5,4)(4,3)(3,2)(2,1)(1,0)(0,2)(2,7)(7,8)(8,9)(9,7)(7,10)(10,12)(12,11)(11,10)
(2,10)(10,6)(6,3)(3,5)(5,4)(4,3)(3,2)(2,1)(1,0)(0,2)(2,7)(7,9)(9,8)(8,7)(7,10)(10,11)(11,12)(12,10)
(2,10)(10,6)(6,3)(3,5)(5,4)(4,3)(3,2)(2,1)(1,0)(0,2)(2,7)(7,9)(9,8)(8,7)(7,10)(10,12)(12,11)(11,10)
(2,10)(10,6)(6,3)(3,5)(5,4)(4,3)(3,2)(2,1)(1,0)(0,2)(2,7)(7,10)(10,11)(11,12)(12,10)
(2,10)(10,6)(6,3)(3,5)(5,4)(4,3)(3,2)(2,1)(1,0)(0,2)(2,7)(7,10)(10,12)(12,11)(11,10)
(2,10)(10,6)(6,3)(3,5)(5,4)(4,3)(3,2)(2,7)(7,8)(8,9)(9,7)(7,10)(10,11)(11,12)(12,10)
(2,10)(10,6)(6,3)(3,5)(5,4)(4,3)(3,2)(2,7)(7,8)(8,9)(9,7)(7,10)(10,12)(12,11)(11,10)
(2,10)(10,6)(6,3)(3,5)(5,4)(4,3)(3,2)(2,7)(7,9)(9,8)(8,7)(7,10)(10,11)(11,12)(12,10)
(2,10)(10,6)(6,3)(3,5)(5,4)(4,3)(3,2)(2,7)(7,9)(9,8)(8,7)(7,10)(10,12)(12,11)(11,10)
(2,10)(10,6)(6,3)(3,5)(5,4)(4,3)(3,2)(2,7)(7,10)(10,11)(11,12)(12,10)
(2,10)(10,6)(6,3)(3,5)(5,4)(4,3)(3,2)(2,7)(7,10)(10,12)(12,11)(11,10)
(2,10)(10,7)(7,2)(2,0)(0,1)(1,2)(2,3)(3,4)(4,5)(5,3)(3,6)(6,10)(10,11)(11,12)(12,10)
(2,10)(10,7)(7,2)(2,0)(0,1)(1,2)(2,3)(3,4)(4,5)(5,3)(3,6)(6,10)(10,12)(12,11)(11,10)
(2,10)(10,7)(7,2)(2,0)(0,1)(1,2)(2,3)(3,5)(5,4)(4,3)(3,6)(6,10)(10,11)(11,12)(12,10)
(2,10)(10,7)(7,2)(2,0)(0,1)(1,2)(2,3)(3,5)(5,4)(4,3)(3,6)(6,10)(10,12)(12,11)(11,10)
(2,10)(10,7)(7,2)(2,0)(0,1)(1,2)(2,3)(3,6)(6,10)(10,11)(11,12)(12,10)
(2,10)(10,7)(7,2)(2,0)(0,1)(1,2)(2,3)(3,6)(6,10)(10,12)(12,11)(11,10)
(2,10)(10,7)(7,2)(2,1)(1,0)(0,2)(2,3)(3,4)(4,5)(5,3)(3,6)(6,10)(10,11)(11,12)(12,10)
(2,10)(10,7)(7,2)(2,1)(1,0)(0,2)(2,3)(3,4)(4,5)(5,3)(3,6)(6,10)(10,12)(12,11)(11,10)
(2,10)(10,7)(7,2)(2,1)(1,0)(0,2)(2,3)(3,5)(5,4)(4,3)(3,6)(6,10)(10,11)(11,12)(12,10)
(2,10)(10,7)(7,2)(2,1)(1,0)(0,2)(2,3)(3,5)(5,4)(4,3)(3,6)(6,10)(10,12)(12,11)(11,10)
(2,10)(10,7)(7,2)(2,1)(1,0)(0,2)(2,3)(3,6)(6,10)(10,11)(11,12)(12,10)
(2,10)(10,7)(7,2)(2,1)(1,0)(0,2)(2,3)(3,6)(6,10)(10,12)(12,11)(11,10)
(2,10)(10,7)(7,2)(2,3)(3,4)(4,5)(5,3)(3,6)(6,10)(10,11)(11,12)(12,10)
(2,10)(10,7)(7,2)(2,3)(3,4)(4,5)(5,3)(3,6)(6,10)(10,12)(12,11)(11,10)
(2,10)(10,7)(7,2)(2,3)(3,5)(5,4)(4,3)(3,6)(6,10)(10,11)(11,12)(12,10)
(2,10)(10,7)(7,2)(2,3)(3,5)(5,4)(4,3)(3,6)(6,10)(10,12)(12,11)(11,10)
(2,10)(10,7)(7,2)(2,3)(3,6)(6,10)(10,11)(11,12)(12,10)
(2,10)(10,7)(7,2)(2,3)(3,6)(6,10)(10,12)(12,11)(11,10)
(2,10)(10,7)(7,8)(8,9)(9,7)(7,2)(2,0)(0,1)(1,2)(2,3)(3,4)(4,5)(5,3)(3,6)(6,10)(10,11)(11,12)(12,10)
(2,10)(10,7)(7,8)(8,9)(9,7)(7,2)(2,0)(0,1)(1,2)(2,3)(3,4)(4,5)(5,3)(3,6)(6,10)(10,12)(12,11)(11,10)
(2,10)(10,7)(7,8)(8,9)(9,7)(7,2)(2,0)(0,1)(1,2)(2,3)(3,5)(5,4)(4,3)(3,6)(6,10)(10,11)(11,12)(12,10)
(2,10)(10,7)(7,8)(8,9)(9,7)(7,2)(2,0)(0,1)(1,2)(2,3)(3,5)(5,4)(4,3)(3,6)(6,10)(10,12)(12,11)(11,10)
(2,10)(10,7)(7,8)(8,9)(9,7)(7,2)(2,0)(0,1)(1,2)(2,3)(3,6)(6,10)(10,11)(11,12)(12,10)
(2,10)(10,7)(7,8)(8,9)(9,7)(7,2)(2,0)(0,1)(1,2)(2,3)(3,6)(6,10)(10,12)(12,11)(11,10)
(2,10)(10,7)(7,8)(8,9)(9,7)(7,2)(2,1)(1,0)(0,2)(2,3)(3,4)(4,5)(5,3)(3,6)(6,10)(10,11)(11,12)(12,10)
(2,10)(10,7)(7,8)(8,9)(9,7)(7,2)(2,1)(1,0)(0,2)(2,3)(3,4)(4,5)(5,3)(3,6)(6,10)(10,12)(12,11)(11,10)
(2,10)(10,7)(7,8)(8,9)(9,7)(7,2)(2,1)(1,0)(0,2)(2,3)(3,5)(5,4)(4,3)(3,6)(6,10)(10,11)(11,12)(12,10)
(2,10)(10,7)(7,8)(8,9)(9,7)(7,2)(2,1)(1,0)(0,2)(2,3)(3,5)(5,4)(4,3)(3,6)(6,10)(10,12)(12,11)(11,10)
(2,10)(10,7)(7,8)(8,9)(9,7)(7,2)(2,1)(1,0)(0,2)(2,3)(3,6)(6,10)(10,11)(11,12)(12,10)
(2,10)(10,7)(7,8)(8,9)(9,7)(7,2)(2,1)(1,0)(0,2)(2,3)(3,6)(6,10)(10,12)(12,11)(11,10)
(2,10)(10,7)(7,8)(8,9)(9,7)(7,2)(2,3)(3,4)(4,5)(5,3)(3,6)(6,10)(10,11)(11,12)(12,10)
(2,10)(10,7)(7,8)(8,9)(9,7)(7,2)(2,3)(3,4)(4,5)(5,3)(3,6)(6,10)(10,12)(12,11)(11,10)
(2,10)(10,7)(7,8)(8,9)(9,7)(7,2)(2,3)(3,5)(5,4)(4,3)(3,6)(6,10)(10,11)(11,12)(12,10)
(2,10)(10,7)(7,8)(8,9)(9,7)(7,2)(2,3)(3,5)(5,4)(4,3)(3,6)(6,10)(10,12)(12,11)(11,10)
(2,10)(10,7)(7,8)(8,9)(9,7)(7,2)(2,3)(3,6)(6,10)(10,11)(11,12)(12,10)
(2,10)(10,7)(7,8)(8,9)(9,7)(7,2)(2,3)(3,6)(6,10)(10,12)(12,11)(11,10)
(2,10)(10,7)(7,9)(9,8)(8,7)(7,2)(2,0)(0,1)(1,2)(2,3)(3,4)(4,5)(5,3)(3,6)(6,10)(10,11)(11,12)(12,10)
(2,10)(10,7)(7,9)(9,8)(8,7)(7,2)(2,0)(0,1)(1,2)(2,3)(3,4)(4,5)(5,3)(3,6)(6,10)(10,12)(12,11)(11,10)
(2,10)(10,7)(7,9)(9,8)(8,7)(7,2)(2,0)(0,1)(1,2)(2,3)(3,5)(5,4)(4,3)(3,6)(6,10)(10,11)(11,12)(12,10)
(2,10)(10,7)(7,9)(9,8)(8,7)(7,2)(2,0)(0,1)(1,2)(2,3)(3,5)(5,4)(4,3)(3,6)(6,10)(10,12)(12,11)(11,10)
(2,10)(10,7)(7,9)(9,8)(8,7)(7,2)(2,0)(0,1)(1,2)(2,3)(3,6)(6,10)(10,11)(11,12)(12,10)
(2,10)(10,7)(7,9)(9,8)(8,7)(7,2)(2,0)(0,1)(1,2)(2,3)(3,6)(6,10)(10,12)(12,11)(11,10)
(2,10)(10,7)(7,9)(9,8)(8,7)(7,2)(2,1)(1,0)(0,2)(2,3)(3,4)(4,5)(5,3)(3,6)(6,10)(10,11)(11,12)(12,10)
(2,10)(10,7)(7,9)(9,8)(8,7)(7,2)(2,1)(1,0)(0,2)(2,3)(3,4)(4,5)(5,3)(3,6)(6,10)(10,12)(12,11)(11,10)
(2,10)(10,7)(7,9)(9,8)(8,7)(7,2)(2,1)(1,0)(0,2)(2,3)(3,5)(5,4)(4,3)(3,6)(6,10)(10,11)(11,12)(12,10)
(2,10)(10,7)(7,9)(9,8)(8,7)(7,2)(2,1)(1,0)(0,2)(2,3)(3,5)(5,4)(4,3)(3,6)(6,10)(10,12)(12,11)(11,10)
(2,10)(10,7)(7,9)(9,8)(8,7)(7,2)(2,1)(1,0)(0,2)(2,3)(3,6)(6,10)(10,11)(11,12)(12,10)
(2,10)(10,7)(7,9)(9,8)(8,7)(7,2)(2,1)(1,0)(0,2)(2,3)(3,6)(6,10)(10,12)(12,11)(11,10)
(2,10)(10,7)(7,9)(9,8)(8,7)(7,2)(2,3)(3,4)(4,5)(5,3)(3,6)(6,10)(10,11)(11,12)(12,10)
(2,10)(10,7)(7,9)(9,8)(8,7)(7,2)(2,3)(3,4)(4,5)(5,3)(3,6)(6,10)(10,12)(12,11)(11,10)
(2,10)(10,7)(7,9)(9,8)(8,7)(7,2)(2,3)(3,5)(5,4)(4,3)(3,6)(6,10)(10,11)(11,12)(12,10)
(2,10)(10,7)(7,9)(9,8)(8,7)(7,2)(2,3)(3,5)(5,4)(4,3)(3,6)(6,10)(10,12)(12,11)(11,10)
(2,10)(10,7)(7,9)(9,8)(8,7)(7,2)(2,3)(3,6)(6,10)(10,11)(11,12)(12,10)
(2,10)(10,7)(7,9)(9,8)(8,7)(7,2)(2,3)(3,6)(6,10)(10,12)(12,11)(11,10)
(2,10)(10,11)(11,12)(12,10)(10,6)(6,3)(3,2)(2,0)(0,1)(1,2)(2,7)(7,8)(8,9)(9,7)(7,10)
(2,10)(10,11)(11,12)(12,10)(10,6)(6,3)(3,2)(2,0)(0,1)(1,2)(2,7)(7,9)(9,8)(8,7)(7,10)
(2,10)(10,11)(11,12)(12,10)(10,6)(6,3)(3,2)(2,0)(0,1)(1,2)(2,7)(7,10)
(2,10)(10,11)(11,12)(12,10)(10,6)(6,3)(3,2)(2,1)(1,0)(0,2)(2,7)(7,8)(8,9)(9,7)(7,10)
(2,10)(10,11)(11,12)(12,10)(10,6)(6,3)(3,2)(2,1)(1,0)(0,2)(2,7)(7,9)(9,8)(8,7)(7,10)
(2,10)(10,11)(11,12)(12,10)(10,6)(6,3)(3,2)(2,1)(1,0)(0,2)(2,7)(7,10)
(2,10)(10,11)(11,12)(12,10)(10,6)(6,3)(3,2)(2,7)(7,8)(8,9)(9,7)(7,10)
(2,10)(10,11)(11,12)(12,10)(10,6)(6,3)(3,2)(2,7)(7,9)(9,8)(8,7)(7,10)
(2,10)(10,11)(11,12)(12,10)(10,6)(6,3)(3,2)(2,7)(7,10)
(2,10)(10,11)(11,12)(12,10)(10,6)(6,3)(3,4)(4,5)(5,3)(3,2)(2,0)(0,1)(1,2)(2,7)(7,8)(8,9)(9,7)(7,10)
(2,10)(10,11)(11,12)(12,10)(10,6)(6,3)(3,4)(4,5)(5,3)(3,2)(2,0)(0,1)(1,2)(2,7)(7,9)(9,8)(8,7)(7,10)
(2,10)(10,11)(11,12)(12,10)(10,6)(6,3)(3,4)(4,5)(5,3)(3,2)(2,0)(0,1)(1,2)(2,7)(7,10)
(2,10)(10,11)(11,12)(12,10)(10,6)(6,3)(3,4)(4,5)(5,3)(3,2)(2,1)(1,0)(0,2)(2,7)(7,8)(8,9)(9,7)(7,10)
(2,10)(10,11)(11,12)(12,10)(10,6)(6,3)(3,4)(4,5)(5,3)(3,2)(2,1)(1,0)(0,2)(2,7)(7,9)(9,8)(8,7)(7,10)
(2,10)(10,11)(11,12)(12,10)(10,6)(6,3)(3,4)(4,5)(5,3)(3,2)(2,1)(1,0)(0,2)(2,7)(7,10)
(2,10)(10,11)(11,12)(12,10)(10,6)(6,3)(3,4)(4,5)(5,3)(3,2)(2,7)(7,8)(8,9)(9,7)(7,10)
(2,10)(10,11)(11,12)(12,10)(10,6)(6,3)(3,4)(4,5)(5,3)(3,2)(2,7)(7,9)(9,8)(8,7)(7,10)
(2,10)(10,11)(11,12)(12,10)(10,6)(6,3)(3,4)(4,5)(5,3)(3,2)(2,7)(7,10)
(2,10)(10,11)(11,12)(12,10)(10,6)(6,3)(3,5)(5,4)(4,3)(3,2)(2,0)(0,1)(1,2)(2,7)(7,8)(8,9)(9,7)(7,10)
(2,10)(10,11)(11,12)(12,10)(10,6)(6,3)(3,5)(5,4)(4,3)(3,2)(2,0)(0,1)(1,2)(2,7)(7,9)(9,8)(8,7)(7,10)
(2,10)(10,11)(11,12)(12,10)(10,6)(6,3)(3,5)(5,4)(4,3)(3,2)(2,0)(0,1)(1,2)(2,7)(7,10)
(2,10)(10,11)(11,12)(12,10)(10,6)(6,3)(3,5)(5,4)(4,3)(3,2)(2,1)(1,0)(0,2)(2,7)(7,8)(8,9)(9,7)(7,10)
(2,10)(10,11)(11,12)(12,10)(10,6)(6,3)(3,5)(5,4)(4,3)(3,2)(2,1)(1,0)(0,2)(2,7)(7,9)(9,8)(8,7)(7,10)
(2,10)(10,11)(11,12)(12,10)(10,6)(6,3)(3,5)(5,4)(4,3)(3,2)(2,1)(1,0)(0,2)(2,7)(7,10)
(2,10)(10,11)(11,12)(12,10)(10,6)(6,3)(3,5)(5,4)(4,3)(3,2)(2,7)(7,8)(8,9)(9,7)(7,10)
(2,10)(10,11)(11,12)(12,10)(10,6)(6,3)(3,5)(5,4)(4,3)(3,2)(2,7)(7,9)(9,8)(8,7)(7,10)
(2,10)(10,11)(11,12)(12,10)(10,6)(6,3)(3,5)(5,4)(4,3)(3,2)(2,7)(7,10)
(2,10)(10,11)(11,12)(12,10)(10,7)(7,2)(2,0)(0,1)(1,2)(2,3)(3,4)(4,5)(5,3)(3,6)(6,10)
(2,10)(10,11)(11,12)(12,10)(10,7)(7,2)(2,0)(0,1)(1,2)(2,3)(3,5)(5,4)(4,3)(3,6)(6,10)
(2,10)(10,11)(11,12)(12,10)(10,7)(7,2)(2,0)(0,1)(1,2)(2,3)(3,6)(6,10)
(2,10)(10,11)(11,12)(12,10)(10,7)(7,2)(2,1)(1,0)(0,2)(2,3)(3,4)(4,5)(5,3)(3,6)(6,10)
(2,10)(10,11)(11,12)(12,10)(10,7)(7,2)(2,1)(1,0)(0,2)(2,3)(3,5)(5,4)(4,3)(3,6)(6,10)
(2,10)(10,11)(11,12)(12,10)(10,7)(7,2)(2,1)(1,0)(0,2)(2,3)(3,6)(6,10)
(2,10)(10,11)(11,12)(12,10)(10,7)(7,2)(2,3)(3,4)(4,5)(5,3)(3,6)(6,10)
(2,10)(10,11)(11,12)(12,10)(10,7)(7,2)(2,3)(3,5)(5,4)(4,3)(3,6)(6,10)
(2,10)(10,11)(11,12)(12,10)(10,7)(7,2)(2,3)(3,6)(6,10)
(2,10)(10,11)(11,12)(12,10)(10,7)(7,8)(8,9)(9,7)(7,2)(2,0)(0,1)(1,2)(2,3)(3,4)(4,5)(5,3)(3,6)(6,10)
(2,10)(10,11)(11,12)(12,10)(10,7)(7,8)(8,9)(9,7)(7,2)(2,0)(0,1)(1,2)(2,3)(3,5)(5,4)(4,3)(3,6)(6,10)
(2,10)(10,11)(11,12)(12,10)(10,7)(7,8)(8,9)(9,7)(7,2)(2,0)(0,1)(1,2)(2,3)(3,6)(6,10)
(2,10)(10,11)(11,12)(12,10)(10,7)(7,8)(8,9)(9,7)(7,2)(2,1)(1,0)(0,2)(2,3)(3,4)(4,5)(5,3)(3,6)(6,10)
(2,10)(10,11)(11,12)(12,10)(10,7)(7,8)(8,9)(9,7)(7,2)(2,1)(1,0)(0,2)(2,3)(3,5)(5,4)(4,3)(3,6)(6,10)
(2,10)(10,11)(11,12)(12,10)(10,7)(7,8)(8,9)(9,7)(7,2)(2,1)(1,0)(0,2)(2,3)(3,6)(6,10)
(2,10)(10,11)(11,12)(12,10)(10,7)(7,8)(8,9)(9,7)(7,2)(2,3)(3,4)(4,5)(5,3)(3,6)(6,10)
(2,10)(10,11)(11,12)(12,10)(10,7)(7,8)(8,9)(9,7)(7,2)(2,3)(3,5)(5,4)(4,3)(3,6)(6,10)
(2,10)(10,11)(11,12)(12,10)(10,7)(7,8)(8,9)(9,7)(7,2)(2,3)(3,6)(6,10)
(2,10)(10,11)(11,12)(12,10)(10,7)(7,9)(9,8)(8,7)(7,2)(2,0)(0,1)(1,2)(2,3)(3,4)(4,5)(5,3)(3,6)(6,10)
(2,10)(10,11)(11,12)(12,10)(10,7)(7,9)(9,8)(8,7)(7,2)(2,0)(0,1)(1,2)(2,3)(3,5)(5,4)(4,3)(3,6)(6,10)
(2,10)(10,11)(11,12)(12,10)(10,7)(7,9)(9,8)(8,7)(7,2)(2,0)(0,1)(1,2)(2,3)(3,6)(6,10)
(2,10)(10,11)(11,12)(12,10)(10,7)(7,9)(9,8)(8,7)(7,2)(2,1)(1,0)(0,2)(2,3)(3,4)(4,5)(5,3)(3,6)(6,10)
(2,10)(10,11)(11,12)(12,10)(10,7)(7,9)(9,8)(8,7)(7,2)(2,1)(1,0)(0,2)(2,3)(3,5)(5,4)(4,3)(3,6)(6,10)
(2,10)(10,11)(11,12)(12,10)(10,7)(7,9)(9,8)(8,7)(7,2)(2,1)(1,0)(0,2)(2,3)(3,6)(6,10)
(2,10)(10,11)(11,12)(12,10)(10,7)(7,9)(9,8)(8,7)(7,2)(2,3)(3,4)(4,5)(5,3)(3,6)(6,10)
(2,10)(10,11)(11,12)(12,10)(10,7)(7,9)(9,8)(8,7)(7,2)(2,3)(3,5)(5,4)(4,3)(3,6)(6,10)
(2,10)(10,11)(11,12)(12,10)(10,7)(7,9)(9,8)(8,7)(7,2)(2,3)(3,6)(6,10)
(2,10)(10,12)(12,11)(11,10)(10,6)(6,3)(3,2)(2,0)(0,1)(1,2)(2,7)(7,8)(8,9)(9,7)(7,10)
(2,10)(10,12)(12,11)(11,10)(10,6)(6,3)(3,2)(2,0)(0,1)(1,2)(2,7)(7,9)(9,8)(8,7)(7,10)
(2,10)(10,12)(12,11)(11,10)(10,6)(6,3)(3,2)(2,0)(0,1)(1,2)(2,7)(7,10)
(2,10)(10,12)(12,11)(11,10)(10,6)(6,3)(3,2)(2,1)(1,0)(0,2)(2,7)(7,8)(8,9)(9,7)(7,10)
(2,10)(10,12)(12,11)(11,10)(10,6)(6,3)(3,2)(2,1)(1,0)(0,2)(2,7)(7,9)(9,8)(8,7)(7,10)
(2,10)(10,12)(12,11)(11,10)(10,6)(6,3)(3,2)(2,1)(1,0)(0,2)(2,7)(7,10)
(2,10)(10,12)(12,11)(11,10)(10,6)(6,3)(3,2)(2,7)(7,8)(8,9)(9,7)(7,10)
(2,10)(10,12)(12,11)(11,10)(10,6)(6,3)(3,2)(2,7)(7,9)(9,8)(8,7)(7,10)
(2,10)(10,12)(12,11)(11,10)(10,6)(6,3)(3,2)(2,7)(7,10)
(2,10)(10,12)(12,11)(11,10)(10,6)(6,3)(3,4)(4,5)(5,3)(3,2)(2,0)(0,1)(1,2)(2,7)(7,8)(8,9)(9,7)(7,10)
(2,10)(10,12)(12,11)(11,10)(10,6)(6,3)(3,4)(4,5)(5,3)(3,2)(2,0)(0,1)(1,2)(2,7)(7,9)(9,8)(8,7)(7,10)
(2,10)(10,12)(12,11)(11,10)(10,6)(6,3)(3,4)(4,5)(5,3)(3,2)(2,0)(0,1)(1,2)(2,7)(7,10)
(2,10)(10,12)(12,11)(11,10)(10,6)(6,3)(3,4)(4,5)(5,3)(3,2)(2,1)(1,0)(0,2)(2,7)(7,8)(8,9)(9,7)(7,10)
(2,10)(10,12)(12,11)(11,10)(10,6)(6,3)(3,4)(4,5)(5,3)(3,2)(2,1)(1,0)(0,2)(2,7)(7,9)(9,8)(8,7)(7,10)
(2,10)(10,12)(12,11)(11,10)(10,6)(6,3)(3,4)(4,5)(5,3)(3,2)(2,1)(1,0)(0,2)(2,7)(7,10)
(2,10)(10,12)(12,11)(11,10)(10,6)(6,3)(3,4)(4,5)(5,3)(3,2)(2,7)(7,8)(8,9)(9,7)(7,10)
(2,10)(10,12)(12,11)(11,10)(10,6)(6,3)(3,4)(4,5)(5,3)(3,2)(2,7)(7,9)(9,8)(8,7)(7,10)
(2,10)(10,12)(12,11)(11,10)(10,6)(6,3)(3,4)(4,5)(5,3)(3,2)(2,7)(7,10)
(2,10)(10,12)(12,11)(11,10)(10,6)(6,3)(3,5)(5,4)(4,3)(3,2)(2,0)(0,1)(1,2)(2,7)(7,8)(8,9)(9,7)(7,10)
(2,10)(10,12)(12,11)(11,10)(10,6)(6,3)(3,5)(5,4)(4,3)(3,2)(2,0)(0,1)(1,2)(2,7)(7,9)(9,8)(8,7)(7,10)
(2,10)(10,12)(12,11)(11,10)(10,6)(6,3)(3,5)(5,4)(4,3)(3,2)(2,0)(0,1)(1,2)(2,7)(7,10)
(2,10)(10,12)(12,11)(11,10)(10,6)(6,3)(3,5)(5,4)(4,3)(3,2)(2,1)(1,0)(0,2)(2,7)(7,8)(8,9)(9,7)(7,10)
(2,10)(10,12)(12,11)(11,10)(10,6)(6,3)(3,5)(5,4)(4,3)(3,2)(2,1)(1,0)(0,2)(2,7)(7,9)(9,8)(8,7)(7,10)
(2,10)(10,12)(12,11)(11,10)(10,6)(6,3)(3,5)(5,4)(4,3)(3,2)(2,1)(1,0)(0,2)(2,7)(7,10)
(2,10)(10,12)(12,11)(11,10)(10,6)(6,3)(3,5)(5,4)(4,3)(3,2)(2,7)(7,8)(8,9)(9,7)(7,10)
(2,10)(10,12)(12,11)(11,10)(10,6)(6,3)(3,5)(5,4)(4,3)(3,2)(2,7)(7,9)(9,8)(8,7)(7,10)
(2,10)(10,12)(12,11)(11,10)(10,6)(6,3)(3,5)(5,4)(4,3)(3,2)(2,7)(7,10)
(2,10)(10,12)(12,11)(11,10)(10,7)(7,2)(2,0)(0,1)(1,2)(2,3)(3,4)(4,5)(5,3)(3,6)(6,10)
(2,10)(10,12)(12,11)(11,10)(10,7)(7,2)(2,0)(0,1)(1,2)(2,3)(3,5)(5,4)(4,3)(3,6)(6,10)
(2,10)(10,12)(12,11)(11,10)(10,7)(7,2)(2,0)(0,1)(1,2)(2,3)(3,6)(6,10)
(2,10)(10,12)(12,11)(11,10)(10,7)(7,2)(2,1)(1,0)(0,2)(2,3)(3,4)(4,5)(5,3)(3,6)(6,10)
(2,10)(10,12)(12,11)(11,10)(10,7)(7,2)(2,1)(1,0)(0,2)(2,3)(3,5)(5,4)(4,3)(3,6)(6,10)
(2,10)(10,12)(12,11)(11,10)(10,7)(7,2)(2,1)(1,0)(0,2)(2,3)(3,6)(6,10)
(2,10)(10,12)(12,11)(11,10)(10,7)(7,2)(2,3)(3,4)(4,5)(5,3)(3,6)(6,10)
(2,10)(10,12)(12,11)(11,10)(10,7)(7,2)(2,3)(3,5)(5,4)(4,3)(3,6)(6,10)
(2,10)(10,12)(12,11)(11,10)(10,7)(7,2)(2,3)(3,6)(6,10)
(2,10)(10,12)(12,11)(11,10)(10,7)(7,8)(8,9)(9,7)(7,2)(2,0)(0,1)(1,2)(2,3)(3,4)(4,5)(5,3)(3,6)(6,10)
(2,10)(10,12)(12,11)(11,10)(10,7)(7,8)(8,9)(9,7)(7,2)(2,0)(0,1)(1,2)(2,3)(3,5)(5,4)(4,3)(3,6)(6,10)
(2,10)(10,12)(12,11)(11,10)(10,7)(7,8)(8,9)(9,7)(7,2)(2,0)(0,1)(1,2)(2,3)(3,6)(6,10)
(2,10)(10,12)(12,11)(11,10)(10,7)(7,8)(8,9)(9,7)(7,2)(2,1)(1,0)(0,2)(2,3)(3,4)(4,5)(5,3)(3,6)(6,10)
(2,10)(10,12)(12,11)(11,10)(10,7)(7,8)(8,9)(9,7)(7,2)(2,1)(1,0)(0,2)(2,3)(3,5)(5,4)(4,3)(3,6)(6,10)
(2,10)(10,12)(12,11)(11,10)(10,7)(7,8)(8,9)(9,7)(7,2)(2,1)(1,0)(0,2)(2,3)(3,6)(6,10)
(2,10)(10,12)(12,11)(11,10)(10,7)(7,8)(8,9)(9,7)(7,2)(2,3)(3,4)(4,5)(5,3)(3,6)(6,10)
(2,10)(10,12)(12,11)(11,10)(10,7)(7,8)(8,9)(9,7)(7,2)(2,3)(3,5)(5,4)(4,3)(3,6)(6,10)
(2,10)(10,12)(12,11)(11,10)(10,7)(7,8)(8,9)(9,7)(7,2)(2,3)(3,6)(6,10)
(2,10)(10,12)(12,11)(11,10)(10,7)(7,9)(9,8)(8,7)(7,2)(2,0)(0,1)(1,2)(2,3)(3,4)(4,5)(5,3)(3,6)(6,10)
(2,10)(10,12)(12,11)(11,10)(10,7)(7,9)(9,8)(8,7)(7,2)(2,0)(0,1)(1,2)(2,3)(3,5)(5,4)(4,3)(3,6)(6,10)
(2,10)(10,12)(12,11)(11,10)(10,7)(7,9)(9,8)(8,7)(7,2)(2,0)(0,1)(1,2)(2,3)(3,6)(6,10)
(2,10)(10,12)(12,11)(11,10)(10,7)(7,9)(9,8)(8,7)(7,2)(2,1)(1,0)(0,2)(2,3)(3,4)(4,5)(5,3)(3,6)(6,10)
(2,10)(10,12)(12,11)(11,10)(10,7)(7,9)(9,8)(8,7)(7,2)(2,1)(1,0)(0,2)(2,3)(3,5)(5,4)(4,3)(3,6)(6,10)
(2,10)(10,12)(12,11)(11,10)(10,7)(7,9)(9,8)(8,7)(7,2)(2,1)(1,0)(0,2)(2,3)(3,6)(6,10)
(2,10)(10,12)(12,11)(11,10)(10,7)(7,9)(9,8)(8,7)(7,2)(2,3)(3,4)(4,5)(5,3)(3,6)(6,10)
(2,10)(10,12)(12,11)(11,10)(10,7)(7,9)(9,8)(8,7)(7,2)(2,3)(3,5)(5,4)(4,3)(3,6)(6,10)
(2,10)(10,12)(12,11)(11,10)(10,7)(7,9)(9,8)(8,7)(7,2)(2,3)(3,6)(6,10)
